0.563088
0.134867
-0.407743
-0.311759
0.180475
0.4128
0.0656452
-0.324443
-0.22245
0.166274
0.304992
0.0284605
-0.254693
-0.162935
0.139799
0.235739
0.024991
-0.200667
-0.138552
0.118731
0.193818
-0.00536942
-0.171144
-0.0826324
0.114448
0.14958
-0.0188646
-0.14021
-0.0597923
0.0893514
0.111252
-0.0178466
-0.101076
-0.0333555
0.0647576
0.0600292
-0.0236326
-0.0578887
-0.00889783
0.0361105
0.0271863
-0.00261416
-0.026844
-0.022166
0.00245265
0.017305
0.0227348
0.00519159
-0.0275956
-0.0352341
0.00253506
0.0422637
0.0299334
-0.0289844
-0.0596056
-0.00524814
0.0618894
0.050679
-0.0432749
-0.0910802
-0.00211876
0.0902174
0.0566013
-0.0534337
-0.101101
-0.0110737
0.103039
0.0626885
-0.0710004
-0.112082
-0.00197431
0.122506
0.0651974
-0.0887243
-0.121982
0.00806892
0.138857
0.0708588
-0.103092
-0.130221
0.0195598
0.137915
0.0662035
-0.104874
-0.137929
0.0264976
0.146841
0.0625561
-0.106127
-0.138058
0.0233492
0.156317
0.0662584
-0.11587
-0.13434
0.0243651
0.144363
0.0636615
-0.105493
-0.126156
0.0210284
0.129115
0.0619035
-0.0821537
-0.131458
-0.00675284
0.134546
0.0776571
-0.0925782
-0.138264
0.0108233
0.141989
0.0557329
-0.107803
-0.111751
0.0333545
0.119631
0.0317171
-0.0984855
-0.0868264
0.0327397
0.102147
0.0320336
-0.0914244
-0.0892465
0.0330038
0.109964
0.0241758
-0.103446
-0.0806967
0.0470795
0.10052
0.00170496
-0.0956154
-0.0523117
0.0494566
0.0729534
-0.0105539
-0.0702046
-0.0357559
0.026186
0.049766
0.00612644
-0.0468999
-0.0351271
0.0101302
0.0224005
0.0118078
-0.00458414
-0.0197988
-0.0153646
-0.00231958
0.0156991
0.0266335
-0.00281248
-0.0384057
-0.0330243
0.0149542
0.0584411
0.0168544
-0.0611258
-0.0588406
0.0188822
0.0801785
0.0354238
-0.0652069
-0.0801805
0.011033
0.091199
0.0476962
-0.0659921
-0.0942952
0.0086599
0.108227
0.0650217
-0.0735436
-0.116824
0.00918064
0.130093
0.0766395
-0.0890542
-0.136356
0.0208591
0.151946
0.0624378
-0.113049
-0.125473
0.0428293
0.164747
0.0475344
-0.15033
-0.120048
0.0846461
0.168958
0.0140548
-0.163964
-0.092027
0.112211
0.148325
-0.0207627
-0.156291
-0.0616686
0.115265
0.115111
-0.0355803
-0.129972
-0.0496335
0.0939083
0.101352
-0.0198287
-0.108681
-0.0444019
0.0834516
0.0890074
-0.0215816
-0.102126
-0.0399607
0.0845565
0.0875683
-0.03213
-0.107427
-0.0261849
0.0934823
0.0751066
-0.0381705
-0.0874476
-0.0119386
0.0740195
0.0454356
-0.0284478
-0.0561329
-0.0192473
0.0456186
0.0456573
-0.00894967
-0.0454953
-0.0289062
0.0261447
0.0493705
0.0102408
-0.0391683
-0.0333863
0.00794781
0.0309892
0.0181634
-0.0127921
-0.0285859
-0.0214264
0.0188304
0.0468914
0.0106565
-0.0459266
-0.0465815
0.0240624
0.0669874
0.0201661
-0.0561714
-0.0585246
0.0215717
0.0723117
0.0275887
-0.0558315
-0.0623234
0.016482
0.0773138
0.0379159
-0.0616974
-0.0727585
0.0180017
0.0842136
0.0414965
-0.0660165
-0.0807505
0.025315
0.0955762
0.0316638
-0.076269
-0.0723902
0.0367557
0.0938622
0.0169368
-0.0852896
-0.0604543
0.0526491
0.0870751
0.00374174
-0.0845213
-0.0547269
0.0535846
0.0894111
0.00633136
-0.0858212
-0.0600615
0.0456389
0.0908472
0.0153765
-0.0865094
-0.0695975
0.0436749
0.0919743
