0.95286
0.199954
-0.737344
-0.523594
0.347307
0.70098
0.0540761
-0.600147
-0.355384
0.336574
0.511091
-0.0214568
-0.476047
-0.234679
0.305284
0.388357
-0.0561319
-0.397109
-0.161934
0.30666
0.309883
-0.145089
-0.358551
-0.0441564
0.319615
0.215893
-0.191153
-0.296114
0.0134576
0.286745
0.154768
-0.196514
-0.227647
0.0757872
0.231202
0.0579499
-0.17147
-0.134854
0.0827164
0.150093
0.00736884
-0.108193
-0.0453629
0.047091
0.0312123
-0.00878209
0.00583355
0.0152593
-0.0223585
-0.0436545
-0.000860178
0.0605691
0.0529439
-0.0537075
-0.100607
0.0129296
0.111515
0.0590227
-0.081852
-0.121392
0.0176735
0.12947
0.0593671
-0.0787353
-0.11394
0.0116489
0.127292
0.0451971
-0.0972742
-0.0959086
0.0373386
0.123338
0.026853
-0.122811
-0.0981234
0.0808553
0.149899
-0.0140982
-0.166789
-0.065165
0.135243
0.131306
-0.0624176
-0.182926
-0.0457824
0.179066
0.130814
-0.105673
-0.175334
-0.0142286
0.162767
0.109232
-0.0898134
-0.150256
-0.02101
0.128326
0.104566
-0.0620587
-0.141055
-0.0353677
0.106764
0.0961951
-0.0418882
-0.110446
-0.0336934
0.0777801
0.0747797
-0.0303488
-0.0814923
-0.0259697
0.0615387
0.0695954
-0.0282913
-0.0927908
-0.0204548
0.0812342
0.0522828
-0.0539628
-0.0672744
-0.00405785
0.0578398
0.0614781
-0.0325599
-0.0913023
-0.0342098
0.0686737
0.105948
-0.00565628
-0.134999
-0.0933973
0.0847523
0.16443
-0.00100029
-0.180827
-0.0995345
0.124141
0.170604
-0.0247773
-0.185181
-0.0939814
0.123465
0.183916
-0.00662935
-0.204327
-0.110403
0.141682
0.17744
-0.0269977
-0.185578
-0.0898382
0.148212
0.168844
-0.0737558
-0.183734
-0.020035
0.159052
0.10233
-0.103522
-0.129688
0.0221154
0.129121
0.0504676
-0.121106
-0.0989587
0.0781528
0.1329
-0.00448959
-0.136499
-0.0689687
0.0983061
0.12188
-0.0253559
-0.130448
-0.0426195
0.107406
0.0930401
-0.0615418
-0.122789
0.00571425
0.129467
0.053785
-0.106355
-0.0928257
0.073098
0.112875
-0.0214742
-0.120147
-0.031347
0.130594
0.0756321
-0.10839
-0.110133
0.0419703
0.131043
0.0215759
-0.121954
-0.0622377
0.0783282
0.0889608
-0.0240463
-0.0967355
-0.0330512
0.0729279
0.0834107
-0.0247953
-0.103062
-0.0299094
0.0800904
0.0679495
-0.0416097
-0.0785972
0.00962689
0.0687132
0.016493
-0.0613469
-0.0410393
0.0514838
0.0596289
-0.0272168
-0.0745272
-0.00492763
0.0770571
0.0375615
-0.0654831
-0.0764853
0.0253325
0.0991948
0.0346386
-0.0996528
-0.0934676
0.0590746
0.120875
0.00765977
-0.120121
-0.0654394
0.09014
0.0940772
-0.0439168
-0.110031
-0.00895072
0.105461
0.0459167
-0.0787792
-0.0680924
0.0341279
0.0849728
0.00912885
-0.093366
-0.0415079
0.0743144
0.0690727
-0.03058
-0.0912917
-0.0215513
0.0759544
0.0532023
-0.0298675
-0.0626274
-0.0146105
0.0553592
0.0346108
-0.0292749
-0.0266767
0.0048489
0.0155225
0.000849058
-0.0140538
0.0128632
0.0211512
-0.0297697
-0.0450711
0.0117703
0.0701188
0.0369122
-0.0730712
-0.0942686
0.0347219
0.121986
0.0193362
-0.108123
-0.0812233
0.0525732
0.118924
0.012841
-0.115271
-0.0816758
0.0749606
0.124329
-0.0172741
-0.127629
-0.0519911
0.105527
0.111972
-0.0622477
-0.141597
-0.00139056
0.146038
0.0830622
-0.112994
-0.144059
