0.0270023
-0.00656014
-0.0111817
0.0113026
0.00115645
-0.00254531
0.000731668
0.00283103
-0.000467965
0.00113063
0.0025853
-0.000918783
0.00170222
0.000184479
-0.000168049
0.0022276
0.000805733
0.00259159
-0.000886648
-0.00250112
0.00199079
0.00534055
-0.00224871
-0.00546389
0.00669985
0.00362326
-0.00404514
0.00102788
0.00208181
-0.000876284
-6.36652e-06
0.00182374
0.000192673
-0.00114349
0.00127595
0.000545932
0.000503675
0.000297313
-0.000555636
-0.00110236
0.00185455
0.00303004
-0.00371705
4.52604e-05
0.00223997
-0.00134489
0.000288191
-0.000661955
0.000274789
-0.000732857
-0.000682723
0.00305987
-0.00100608
-0.00239853
0.000855943
0.00194405
-0.00174876
-0.00136325
0.00235459
-0.00296048
-0.000599749
0.00256041
-0.00141425
-0.00172759
-0.000367397
0.00254869
-0.00200247
-0.00221067
0.00294737
-0.0012777
-0.00226829
0.000945938
0.000898898
-0.0030929
-0.00191338
0.0033335
-0.00143871
-0.0026728
0.000919886
0.000293383
-0.00121703
-0.00164946
0.00102234
-0.00171609
-0.00142248
0.00199325
-0.00182726
-0.00169338
-7.7351e-05
-0.000781328
-0.000513236
-0.0006663
-0.000151888
-0.00115228
-0.000150084
4.64357e-06
-0.000501813
-0.00111088
-0.00138358
0.00152984
-0.0021283
-1.49868e-05
0.00175876
-0.00389787
-0.0001257
0.00184551
-0.000853242
-0.00211333
-0.000263914
0.00114054
-0.00128603
0.000630134
-0.00114895
-0.00143969
0.000976956
-0.000599306
0.000447206
-0.00217993
0.000505824
0.00176495
-0.00234354
-0.000321873
0.00116345
0.000911135
-0.00320248
0.000261502
0.00495292
-0.00419188
-0.00294673
0.00385
6.1553e-05
-0.0011534
-0.000526416
0.000577947
0.000378657
-0.000155013
0.000299691
-0.000269516
-0.000279807
-0.00051451
0.00185177
-0.00122152
-0.00130392
0.00293414
-0.00252155
-0.000309012
0.0036747
-0.000711024
-0.00197974
-0.000175382
0.00247488
-0.000574676
-0.00194571
0.0010314
0.000311255
-9.79323e-05
0.00059299
0.000188868
-0.00158839
0.00165223
0.000688967
-0.00142153
0.00218422
-0.000543534
-0.000679813
0.000719485
0.00062988
0.00154689
-0.00182822
0.000182993
0.00216022
4.928e-05
-0.000505348
0.000214067
0.0011577
-0.000521182
0.00119308
0.0012893
-0.00201853
0.000244442
0.00253662
0.000278669
-0.00235801
0.00113838
0.00198862
-0.00222076
0.00143595
0.0017002
-0.00198884
0.000822453
0.000541886
0.000904853
0.00075332
-0.00226882
0.00210247
0.00147498
-0.00238718
0.00178165
0.00161342
-0.00261337
0.000892226
0.00380717
-0.00265857
-0.00160617
0.00346746
-0.000472383
-0.00100406
0.00152783
1.6165e-05
-0.00129989
0.00157345
0.000437598
-0.00140432
0.00152831
-0.000985648
0.000542983
0.00205799
-0.00253398
0.000486798
0.00168855
-0.00155658
0.000362333
0.00208124
-0.00200467
-0.000937274
0.00360253
-0.00172269
-0.00155309
0.00242147
-0.00106401
-0.000319789
0.00161584
-0.000178707
-0.0011229
-0.000110453
0.00103191
-0.000351926
-0.000365265
-1.59293e-05
-0.000623848
0.000951475
0.000345672
-0.000705788
-0.0006579
0.000364673
0.000463502
-0.000569167
-0.000238627
-0.000717066
0.000198196
0.000178096
-0.000811844
0.000116508
2.88952e-05
-0.00117665
-0.000131343
0.00182178
-0.00140002
-0.00135811
0.00197369
-0.00155703
-0.000328341
0.00112466
-0.00219353
-0.000485593
0.00133172
0.000331532
-0.00167013
-0.000316937
0.000988677
-0.00100054
-0.000300241
-0.000113694
-0.000647572
-0.000116726
-0.000417684
0.000572629
-0.000557102
-0.00103794
-0.000150186
-0.000218551
0.000201764
-0.000455285
1.22515e-05
-0.000585124
-0.000468103
0.000613284
-0.00098368
-0.00104858
-0.000166678
0.000488843
0.000795657
-0.00140837
-0.000280594
0.00089614
-0.00132533
-0.000145454
0.000384262
-0.000824536
-0.000350623
