0.616268
0.138079
-0.455194
-0.325361
0.237506
0.458115
-0.00635403
-0.411258
-0.157397
0.312055
0.306455
-0.130552
-0.337337
-0.0656242
0.268233
0.202289
-0.139193
-0.222991
0.011532
0.182984
0.071732
-0.147206
-0.132708
0.0745852
0.152086
0.0130285
-0.124682
-0.0727976
0.0487959
0.060839
-0.0141353
-0.0364049
0.0250852
0.0287223
-0.0340593
-0.0395181
0.0161968
0.0518341
-0.00168367
-0.0581607
0.00867682
0.0877865
0.020479
-0.0974267
-0.0730365
0.0683566
0.128786
0.00219778
-0.132361
-0.047988
0.101623
0.0745701
-0.0629234
-0.111316
0.0130436
0.126549
0.0452317
-0.0967932
-0.100776
0.0139009
0.0871804
0.035776
-0.0567691
-0.0596784
0.0153318
0.0372886
-0.00804118
-0.0408725
-0.029443
0.0203403
0.0354398
-0.00970698
-0.0285158
-0.015577
-0.0170924
-0.00465177
0.0133089
0.0165658
0.00626334
-0.024302
-0.0241523
0.012043
0.0220342
-0.0155618
-0.038487
0.0134752
0.0595208
0.0206372
-0.0600792
-0.0726657
0.028995
0.0885575
0.0163601
-0.0660632
-0.0516407
0.0514402
0.078026
-0.0287271
-0.0976655
-0.0181491
0.106658
0.0807209
-0.0577945
-0.113492
-0.0104437
0.112379
0.0551931
-0.0810656
-0.0855861
0.0374511
0.120853
0.0181908
-0.133541
-0.090026
0.0861398
0.139085
-0.0100348
-0.138748
-0.0520046
0.108003
0.102294
-0.0626468
-0.130235
0.0148037
0.150553
0.0712854
-0.112736
-0.124124
0.0459917
0.144703
0.042697
-0.10877
-0.07826
0.0735194
0.115668
-0.00652011
-0.118685
-0.043841
0.0955654
0.101772
-0.0199556
-0.109266
-0.0306449
0.0864468
0.0599865
-0.0477749
-0.0682163
0.0197506
0.0764011
0.0145602
-0.0769619
-0.0501477
0.0490312
0.0556139
-0.0175372
-0.0510638
-0.00727991
0.0399917
0.0103298
-0.0427736
-0.0261496
0.0308814
0.0364654
-0.0157931
-0.0368834
0.00424492
0.0179576
-0.010891
-0.0158081
0.00493551
0.0254209
0.00736089
-0.0311106
-0.0158097
0.0138145
0.00810838
-0.00892979
-0.010061
0.0158572
0.0224929
-0.0163667
-0.0389902
-0.00525697
0.0346889
0.0214526
-0.0252646
-0.031281
0.0136321
0.0341372
-0.00829726
-0.0480874
-0.0195378
0.0391493
0.0391827
-0.0244441
-0.0465936
0.00179462
0.0304166
-0.0010599
-0.0364196
-0.00548404
0.0391545
0.0184411
-0.0356932
-0.049179
0.0131406
0.051111
-0.00595605
-0.0529763
-0.0203408
0.0506055
0.0451861
-0.0576025
-0.0841796
0.0202043
0.0935041
0.0197064
-0.0888439
-0.059961
0.0610041
0.0929253
-0.0378234
-0.121721
-0.000240736
0.119264
0.0679031
-0.0813301
-0.11986
0.0280868
0.1252
0.032979
-0.0951077
-0.0781865
0.0584235
0.110063
-0.0018458
-0.117211
-0.0572483
0.0932061
0.103422
-0.0251654
-0.111172
-0.0335195
0.0968646
0.0667952
-0.0573128
-0.0844116
0.0158142
0.09568
0.0256775
-0.0706325
-0.0584425
0.0282441
0.0669409
0.00522538
-0.0400392
-0.0162771
0.0176903
0.0209205
-0.012235
-0.014465
0.0134924
0.00803001
-0.00381822
0.00513182
0.0131585
-0.00151189
-0.0251111
-0.0150435
0.0339794
0.047233
-0.0190149
-0.0526759
-0.00143691
0.0389436
0.0288998
-0.0277736
-0.0481392
0.0184533
0.0555607
0.0121056
-0.0465243
-0.0502528
0.0159874
0.0602669
0.019121
-0.0399288
-0.0394978
0.0119322
0.0434765
0.00789039
-0.0443265
-0.0247036
0.0356802
0.0375667
-0.00814445
-0.0415055
-0.0207059
0.0266515
0.0203872
