0.962957
0.915061
0.810401
0.67582
0.534769
0.414562
0.313804
0.236078
0.179873
0.14242
0.124919
0.111026
0.0902329
0.0574118
0.010995
-0.0417846
-0.0978145
-0.15772
-0.218154
-0.276386
-0.32095
-0.330583
-0.303102
-0.247523
-0.17146
-0.096411
-0.0349092
0.0106392
0.0383274
0.0528268
0.0507598
0.0339324
0.0123925
-0.0083062
-0.021104
-0.0267366
-0.030999
-0.0367871
-0.0474295
-0.0580647
-0.0673005
-0.0821954
-0.106504
-0.1428
-0.190267
-0.240673
-0.284686
-0.317804
-0.341494
-0.358439
-0.366848
-0.365861
-0.357044
-0.340929
-0.320992
-0.300258
-0.278477
-0.254627
-0.224341
-0.188296
-0.150826
-0.112209
-0.0735855
-0.0341805
0.0080764
0.051043
0.089993
0.118562
0.137118
0.148855
0.155808
0.161632
0.167705
0.17218
0.175043
0.177225
0.179108
0.180429
0.177262
0.167548
0.155431
0.141628
0.128724
0.119125
0.109824
0.101462
0.0945574
0.0930094
0.100847
0.115935
0.137604
0.160344
0.178214
0.189778
0.193262
0.188268
0.174283
0.153187
0.128685
0.105538
0.0849286
0.0661005
0.048949
0.0286858
0.00571683
-0.0185423
-0.0448889
-0.0715509
-0.103021
-0.138823
-0.176716
-0.21651
-0.251617
-0.28072
-0.303052
-0.31578
-0.320375
-0.315845
-0.304628
-0.290683
-0.275144
-0.260498
-0.245787
-0.227396
-0.203816
-0.175127
-0.144147
-0.114231
-0.0850885
-0.0565926
-0.0298573
-0.00528813
0.0133806
0.0226391
0.0233853
0.016662
0.00676679
-0.00312448
-0.0125526
-0.0193412
-0.0241858
-0.0273182
-0.0306278
-0.0415405
-0.0633632
-0.097156
-0.138502
-0.175789
-0.203148
-0.215527
-0.210379
-0.192488
-0.16237
-0.118833
-0.061516
0.00699169
0.0782637
0.143499
0.196362
0.232015
0.254888
0.272268
0.286621
0.308602
0.343909
0.39453
0.460867
0.527736
0.580606
0.605419
0.591939
0.549209
0.486109
0.41218
0.334775
0.25402
0.17611
0.10501
0.0439978
-0.000774147
-0.0319324
-0.051098
-0.0586259
-0.0589377
-0.0557485
-0.0557622
-0.0671246
-0.0916788
-0.125873
-0.161234
-0.185551
-0.192076
-0.180154
-0.152881
-0.11591
-0.0734971
-0.02984
0.0108161
0.0457322
0.0692684
0.0783752
0.0743309
0.0584025
0.0334753
0.00222148
-0.0335635
-0.0676883
-0.0945367
-0.110625
-0.113934
-0.110135
-0.106519
-0.108683
-0.119524
-0.137495
-0.161332
-0.188365
-0.215988
-0.243244
-0.265355
-0.278061
-0.279176
-0.268153
-0.246594
-0.216779
-0.180959
-0.14217
-0.103901
-0.0690051
-0.0418453
-0.0241135
-0.0122264
-0.00196031
0.0106452
0.0262418
0.044854
0.0647607
0.082601
0.10054
0.118145
0.132675
0.143176
0.146929
0.14445
0.136664
0.124714
0.111528
0.0971269
0.0833728
0.0729238
0.0682584
0.0703158
0.0758818
0.0823909
0.0871674
0.087493
0.0855399
0.0850971
0.0869053
0.0905222
0.0952595
0.0996734
0.102951
0.105259
0.106414
0.105146
0.0995579
0.0901692
0.0790289
0.0663321
0.0521948
0.0356477
0.0158313
-0.00688557
-0.0315363
-0.0541034
-0.0735906
-0.0922861
-0.110319
-0.128487
-0.146943
-0.163982
-0.178597
-0.189412
-0.196797
-0.201818
-0.202761
-0.199514
-0.193193
-0.183781
-0.172432
-0.160227
-0.145874
-0.128325
-0.107194
-0.084287
-0.0627987
-0.0424436
-0.0237812
-0.00729793
