1.31438e-05
6.79214e-06
5.82449e-06
6.02286e-06
5.09527e-06
6.15697e-06
4.73857e-06
5.81425e-06
5.49946e-06
4.68269e-06
5.06174e-06
4.70225e-06
5.00213e-06
5.18933e-06
4.74229e-06
4.83915e-06
4.4601e-06
4.11179e-06
4.26359e-06
4.07081e-06
4.0615e-06
3.82029e-06
3.6126e-06
3.76161e-06
3.86219e-06
3.98606e-06
3.91621e-06
3.56138e-06
3.59211e-06
3.38722e-06
3.06219e-06
2.66265e-06
2.65241e-06
2.89455e-06
2.78931e-06
3.15811e-06
2.64496e-06
1.8198e-06
2.44565e-06
2.61422e-06
3.17488e-06
2.58535e-06
1.58977e-06
1.98185e-06
1.53109e-06
1.54972e-06
2.04984e-06
2.33576e-06
2.38046e-06
2.00979e-06
1.75368e-06
1.68942e-06
1.61119e-06
1.26101e-06
1.7304e-06
1.31316e-06
1.39792e-06
1.5581e-06
1.234e-06
1.19116e-06
1.49477e-06
1.39885e-06
1.30665e-06
1.20047e-06
2.02004e-06
1.70991e-06
1.00303e-06
1.87103e-06
1.62795e-06
1.41468e-06
1.15018e-06
7.6741e-07
1.10641e-06
1.14832e-06
9.70438e-07
1.05705e-06
7.18981e-07
3.05474e-07
-1.01514e-07
2.51457e-08
4.62867e-07
1.8999e-07
8.6613e-08
2.34693e-07
-1.15484e-07
-1.39698e-08
-1.86265e-07
7.26432e-08
6.61239e-08
-4.55417e-07
-2.13273e-07
-1.09896e-07
-1.13621e-07
1.06171e-07
2.33762e-07
6.51926e-09
3.81842e-07
3.08268e-07
-4.84288e-08
-1.546e-07
-3.14787e-07
3.35276e-07
-2.23517e-08
-4.08851e-07
-2.29105e-07
-5.78351e-07
1.59256e-07
-1.01514e-07
9.31323e-10
4.40516e-07
7.26432e-08
3.46452e-07
-1.45286e-07
3.35276e-07
4.62867e-07
3.93949e-07
8.49366e-07
4.60073e-07
3.01749e-07
4.2282e-07
6.46338e-07
1.16602e-06
1.18557e-06
1.10734e-06
9.48086e-07
6.96629e-07
9.2946e-07
9.80683e-07
1.07754e-06
1.02818e-06
3.56697e-07
1.12504e-06
1.22376e-06
8.1677e-07
1.10362e-06
1.25915e-06
1.81329e-06
1.53296e-06
9.98378e-07
1.64006e-06
1.21724e-06
1.79093e-06
1.58511e-06
8.73581e-07
1.1418e-06
6.06291e-07
4.63799e-07
9.25735e-07
5.96978e-07
7.36676e-07
7.5344e-07
4.31202e-07
7.98143e-07
7.72998e-08
4.42378e-07
6.87316e-07
3.42727e-07
6.2678e-07
4.61005e-07
3.15718e-07
4.17233e-07
7.98143e-07
5.65313e-07
4.61005e-07
6.24917e-07
4.39584e-07
6.10948e-07
6.6869e-07
5.05708e-07
4.61936e-07
3.54834e-07
2.49594e-07
-1.25729e-07
-1.71363e-07
-1.14553e-07
1.59256e-07
-1.49012e-08
1.06171e-07
-3.35276e-08
-4.79631e-07
-8.09319e-07
-7.61822e-07
-1.76951e-07
-5.06639e-07
-3.35276e-07
-4.17233e-07
-2.86847e-07
-3.90224e-07
-3.58559e-07
-1.76951e-07
-5.82077e-07
-3.47383e-07
-1.00676e-06
-8.2422e-07
-1.27126e-06
-1.25449e-06
-6.85453e-07
-1.3737e-06
-1.21072e-06
-1.31316e-06
-1.61864e-06
-8.27014e-07
-1.12411e-06
-1.14925e-06
-9.06177e-07
-1.60187e-06
-1.30106e-06
-1.45659e-06
-1.62516e-06
-1.42772e-06
-1.97254e-06
-1.83284e-06
-1.64658e-06
-2.40002e-06
-2.01631e-06
-1.8822e-06
-1.74623e-06
-1.42585e-06
-2.24635e-06
-2.03028e-06
-2.66824e-06
-2.75485e-06
-2.03773e-06
-2.26591e-06
-1.451e-06
-2.11969e-06
-2.41213e-06
-2.43448e-06
-2.29944e-06
-2.00234e-06
-2.11131e-06
-1.99024e-06
-1.93343e-06
-1.87848e-06
-1.87848e-06
-1.86078e-06
-1.86451e-06
-1.68104e-06
-1.9623e-06
-1.97906e-06
-2.1765e-06
-2.28174e-06
-1.70432e-06
-2.09548e-06
-2.21934e-06
-2.10386e-06
-2.26777e-06
-1.93622e-06
-1.94646e-06
-1.74716e-06
-1.21351e-06
-1.51712e-06
-1.30478e-06
-1.13808e-06
-1.4985e-06
-1.5758e-06
-1.64192e-06
-1.31782e-06
-1.22003e-06
-1.66055e-06
-1.54693e-06
-1.6829e-06
-1.72108e-06
-1.13714e-06
-1.24797e-06
-1.24611e-06
-1.66427e-06
-1.76206e-06
-1.49943e-06
-1.86078e-06
-1.69687e-06
-1.51619e-06
-1.42213e-06
-1.25449e-06
-1.61678e-06
-1.668e-06
-1.5758e-06
-1.54134e-06
-1.44541e-06
-1.89152e-06
-1.20886e-06
-1.08685e-06
-1.35135e-06
-1.2368e-06
-1.31316e-06
-1.08313e-06
-1.13994e-06
-1.26101e-06
-1.05891e-06
-1.07847e-06
-1.18092e-06
-1.19954e-06
-1.21817e-06
-1.01328e-06
-1.40164e-06
-1.64099e-06
-1.29361e-06
-8.76375e-07
-7.59959e-07
-5.82077e-07
