1.33086e-05
6.27898e-06
6.09271e-06
7.09854e-06
5.78538e-06
6.34138e-06
5.79748e-06
6.53416e-06
6.21378e-06
6.18491e-06
5.804e-06
5.68759e-06
5.48176e-06
5.18467e-06
5.59911e-06
5.47804e-06
5.6643e-06
5.63823e-06
5.00493e-06
5.25732e-06
4.84753e-06
4.80749e-06
4.5998e-06
5.25638e-06
4.76371e-06
4.08478e-06
4.4154e-06
4.19375e-06
3.66662e-06
3.96837e-06
3.99817e-06
3.77465e-06
4.07826e-06
3.78955e-06
3.675e-06
3.95719e-06
3.43286e-06
3.40492e-06
3.32762e-06
2.77907e-06
3.37232e-06
3.21772e-06
2.77348e-06
2.9644e-06
2.95136e-06
2.83215e-06
2.48291e-06
2.65334e-06
2.46242e-06
2.49036e-06
2.81911e-06
2.1141e-06
2.56114e-06
2.63657e-06
1.90735e-06
2.23983e-06
2.10851e-06
2.01073e-06
1.90828e-06
1.55624e-06
2.13273e-06
1.89152e-06
1.42585e-06
1.96043e-06
1.90455e-06
1.49384e-06
1.60094e-06
1.68756e-06
1.39698e-06
1.44076e-06
9.97446e-07
1.19768e-06
1.668e-06
8.9407e-07
1.33179e-06
1.38208e-06
8.97795e-07
7.98143e-07
5.50412e-07
8.21427e-07
9.36911e-07
4.60073e-07
7.23638e-07
9.12696e-07
8.3819e-07
8.54954e-07
4.00469e-07
3.29688e-07
6.16536e-07
2.92435e-07
5.4203e-07
3.03611e-07
3.5204e-07
3.91155e-07
6.44475e-07
5.56e-07
2.47732e-07
1.93715e-07
2.27243e-07
2.6729e-07
2.64496e-07
4.06988e-07
1.42492e-07
2.92435e-07
3.11993e-07
7.26432e-08
-3.83705e-07
-2.73809e-07
1.4063e-07
-1.23866e-07
1.20141e-07
3.32482e-07
-6.14673e-08
1.62981e-07
-7.63685e-08
3.15718e-07
-1.45286e-07
3.72529e-09
-1.45286e-07
1.50874e-07
-2.23517e-08
-2.04891e-08
-1.78814e-07
-7.255e-07
-1.04308e-07
-1.07102e-07
-5.58794e-09
3.23169e-07
-2.40281e-07
-2.44938e-07
-3.0268e-07
-4.84288e-07
-2.15136e-07
-4.07919e-07
3.44589e-07
6.61239e-08
-5.79283e-07
-1.82539e-07
-3.75323e-07
-7.79517e-07
-5.76489e-07
-8.36328e-07
-8.56817e-07
-5.31785e-07
-4.787e-07
-7.3947e-07
-5.48549e-07
-6.91973e-07
-5.56e-07
-5.62519e-07
-8.3074e-07
-3.62284e-07
-1.05705e-06
-1.24704e-06
-9.9279e-07
-7.57165e-07
-9.5088e-07
-1.23214e-06
-9.85339e-07
-1.33459e-06
-1.37277e-06
-1.6829e-06
-1.49664e-06
-1.52178e-06
-1.8375e-06
-1.57859e-06
-1.5609e-06
-1.39978e-06
-1.76579e-06
-2.01352e-06
-1.30292e-06
-1.86544e-06
-1.99489e-06
-1.84309e-06
-1.69966e-06
-1.86916e-06
-1.83377e-06
-1.68569e-06
-1.84495e-06
-1.58511e-06
-2.10758e-06
-1.8999e-06
-1.76206e-06
-1.86451e-06
-1.78535e-06
-1.9148e-06
-1.67079e-06
-1.65962e-06
-1.95298e-06
-1.69128e-06
-1.69966e-06
-1.70432e-06
-1.81608e-06
-1.64565e-06
-1.54506e-06
-1.93156e-06
-1.79e-06
-1.90735e-06
-1.61305e-06
-1.80397e-06
-1.75647e-06
-1.50409e-06
-1.96137e-06
-1.69128e-06
-1.79652e-06
-1.76486e-06
-1.73878e-06
-1.75741e-06
-1.75275e-06
-1.47056e-06
-1.64658e-06
-1.74157e-06
-1.60467e-06
-2.00979e-06
-1.57952e-06
-1.69501e-06
-2.15694e-06
-1.68476e-06
-2.01352e-06
-1.58139e-06
-1.50036e-06
-2.01445e-06
-1.68383e-06
-2.04239e-06
-1.8198e-06
-1.53761e-06
-2.12062e-06
-1.70525e-06
-1.67452e-06
-1.72388e-06
-1.55345e-06
-1.42679e-06
-1.65123e-06
-1.8198e-06
-1.56276e-06
-1.51619e-06
-1.50036e-06
-1.58045e-06
-1.16136e-06
-1.39698e-06
-1.11945e-06
-1.58045e-06
-1.25263e-06
-1.05798e-06
-1.72853e-06
-9.00589e-07
-1.14553e-06
-1.56835e-06
-9.45292e-07
-1.49943e-06
-1.44634e-06
-1.00397e-06
-1.24145e-06
-1.44262e-06
-1.00955e-06
-1.01887e-06
-1.09803e-06
-1.26939e-06
-1.26101e-06
-4.85219e-07
-1.02539e-06
-1.03377e-06
-6.16536e-07
-9.54606e-07
-6.78003e-07
-1.08778e-06
-1.13063e-06
-7.21775e-07
-1.02539e-06
-7.08736e-07
-9.58331e-07
-1.10175e-06
-8.85688e-07
-1.00397e-06
-9.7882e-07
-7.17118e-07
-1.07847e-06
-8.22358e-07
-5.3551e-07
-1.09803e-06
-7.0408e-07
-3.88362e-07
-7.41333e-07
-4.74975e-07
-9.34117e-07
-7.99075e-07
-3.78117e-07
-1.00024e-06
-7.61822e-07
-3.22238e-07
-1.06543e-06
-7.38539e-07
-4.67524e-07
-8.82894e-07
-5.56931e-07
-6.32368e-07
-6.41681e-07
-5.43892e-07
-5.26197e-07
-3.94881e-07
