0.587273
0.0969248
-0.454285
-0.270088
0.240735
0.388526
-0.0527962
-0.382225
-0.0957757
0.30267
0.220417
-0.16996
-0.275451
0.0236979
0.256024
0.103468
-0.196492
-0.168001
0.131793
0.19117
-0.042603
-0.203782
-0.0569448
0.181682
0.13898
-0.102881
-0.169123
0.022559
0.1539
0.0343509
-0.125271
-0.0770833
0.0965884
0.113982
-0.0498665
-0.122302
-0.0127792
0.0972605
0.0573876
-0.069142
-0.0657242
0.0517803
0.0637616
-0.029942
-0.0759927
-0.00982534
0.0818759
0.0360366
-0.0676495
-0.0431976
0.0397609
0.0505202
-0.0234872
-0.0750443
0.00422574
0.0818844
0.030733
-0.0608595
-0.0635637
0.029325
0.066348
-0.00128484
-0.0558173
-0.0160316
0.0510431
0.0290579
-0.0437499
-0.0443161
0.0146175
0.0493154
0.0193202
-0.0413313
-0.0314919
0.0228584
0.0360645
0.000975829
-0.0435061
-0.0257777
0.0391036
0.0525929
-0.0171623
-0.0637353
-0.00578105
0.0453989
0.0150562
-0.0165843
-0.0202007
0.0044595
0.0271998
-0.0109979
-0.0280505
0.00648128
0.0160253
0.00826078
-0.00532208
-0.0134243
0.000889191
0.0130821
-0.00244378
-0.0167206
0.00566176
0.0164686
-0.00147038
-0.00723149
-0.0116487
-0.000723642
0.0152661
-0.00277104
-0.0147735
0.00262548
0.0164746
0.00873783
-0.0207564
-0.0274001
0.00635165
0.0331849
0.0177099
-0.0317098
-0.0404417
0.024173
0.0580892
-0.00794443
-0.0715723
-0.02136
0.0746809
0.0504094
-0.0544014
-0.068493
0.0149988
0.072206
0.0206125
-0.0565721
-0.044617
0.0247409
0.0626677
0.00937834
-0.0609139
-0.0353035
0.0336008
0.0529409
0.00685276
-0.0537973
-0.0363427
0.0400745
0.0519276
-0.00744477
-0.0527067
-0.0328893
0.0465582
0.0709086
-0.0239943
-0.0836376
-0.00302973
0.0720696
0.0373965
-0.0457398
-0.0655309
0.0247232
0.0708448
0.00664177
-0.057922
-0.0384799
0.0384667
0.0550181
-0.00400585
-0.0571778
-0.0338828
0.0474439
0.0590866
-0.01844
-0.061633
-0.0226758
0.0465443
0.0520052
-0.0233815
-0.0539348
-0.00514921
0.0368599
0.0223057
-0.0111335
-0.023999
-0.0127131
0.0184307
0.0204371
-0.00106633
-0.0165309
-0.0167095
0.00998347
0.0188733
-0.00122734
-0.0152188
-0.00456493
0.0137369
0.00253261
-0.00522924
0.00455311
-0.0118351
-0.0121161
0.0161154
0.0224752
-0.00153736
-0.042602
-0.0195935
0.053297
0.0307924
-0.043451
-0.0492314
0.0154386
0.0665676
0.00930053
-0.0679732
-0.0384605
0.0398473
0.0645246
-0.0082539
-0.0732475
-0.0171393
0.0607555
0.0424571
-0.0336746
-0.0574038
-0.000492806
0.0555926
0.0342625
-0.0390775
-0.051779
0.0128696
0.0544753
0.0164722
-0.0553695
-0.0437687
0.0516909
0.0591358
-0.0366707
-0.0697986
0.00350689
0.0719958
0.0318097
-0.0605323
-0.0573601
0.0411947
0.073597
-0.0122998
-0.0695295
-0.019856
0.0491522
0.0452017
-0.0191335
-0.0501354
-0.00507722
0.0382214
0.0202505
-0.0150958
-0.0301788
-0.00328309
0.0381926
0.0103182
-0.0345426
-0.0142631
0.0201627
0.024294
-0.0124522
-0.0321099
0.00421453
0.0317906
0.0125255
-0.0286812
-0.0318904
0.011046
0.0386812
0.0129667
-0.0377949
-0.0318551
0.0287163
0.0405783
-0.00923908
-0.0460457
-0.0122858
0.0486485
0.0279525
-0.0366266
-0.0430067
0.0125906
0.0518783
0.00810747
-0.0488566
-0.0274627
0.0287452
0.0453438
-0.00527587
-0.0559087
-0.0201945
0.0426648
0.048091
-0.0196795
-0.0634515
-0.00250463
0.0518216
0.0304917
-0.0300597
