0.258803
0.0630837
-0.161615
-0.0787105
0.134713
0.168006
-0.0222307
-0.123829
0.0081943
0.143626
0.0766162
-0.073997
-0.0672343
0.0713461
0.108819
-0.00292536
-0.0808509
-0.00840593
0.095056
0.0639922
-0.0511884
-0.0764719
0.0248753
0.0994396
0.031565
-0.0715037
-0.0565626
0.0428049
0.0774824
-0.00568565
-0.0779137
-0.0237678
0.0612719
0.0478046
-0.0353351
-0.0651089
0.00599487
0.0621771
0.0154727
-0.0590626
-0.0382335
0.0484783
0.0437326
-0.0418515
-0.054904
0.0205302
0.0553479
-0.00691247
-0.0630923
-0.0155346
0.0550714
0.0257399
-0.0516398
-0.0499192
0.0279754
0.0555001
-0.0139441
-0.0664999
-0.0150755
0.0525689
0.0228004
-0.0509125
-0.0461511
0.0220869
0.0365838
-0.0182751
-0.0481373
-0.0175842
0.0259246
0.0181384
-0.0322928
-0.0390248
0.00122321
0.017118
-0.00267671
-0.0258678
-0.0280696
-0.00521295
0.0187319
0.00677655
-0.0388035
-0.0391233
0.0107174
0.032951
-0.00325823
-0.0581414
-0.0347908
0.0327458
0.0306368
-0.0298651
-0.0584135
-0.00576413
0.046143
0.011455
-0.0476378
-0.0408442
0.0148178
0.0366557
-0.00804548
-0.050722
-0.0212881
0.0284476
0.0198183
-0.0233731
-0.0383117
-0.00853499
0.0223426
0.0158798
-0.01994
-0.0398748
-0.0050711
0.0276606
0.0102553
-0.0252181
-0.0380676
0.00204448
0.0398034
0.00861279
-0.0446439
-0.0400768
0.0229918
0.0473383
-0.0113096
-0.0636885
-0.0237546
0.054006
0.0405927
-0.0452662
-0.0664507
0.00843855
0.0651875
0.0185475
-0.0611126
-0.0518383
0.0349204
0.0598974
-0.0141485
-0.0654677
-0.0166561
0.0517766
0.0302838
-0.0379173
-0.0397305
0.0140758
0.0362469
-0.00196662
-0.0386487
-0.00904715
0.0345334
0.0169949
-0.0261301
-0.0256103
0.0139038
0.0335632
0.00244599
-0.034662
-0.0177554
0.0288899
0.0344226
-0.00915116
-0.0351497
-0.00615461
0.0334082
0.0247788
-0.0182341
-0.0238455
0.0150739
0.0295052
-0.00373327
-0.0251545
0.00848839
0.0373837
0.00815067
-0.0263599
-0.0107418
0.0331309
0.039323
-0.0131235
-0.0436124
0.00629017
0.0581217
0.0280833
-0.036489
-0.0365218
0.031763
0.0590177
0.00145662
-0.0459147
-0.0124287
0.0514593
0.0431161
-0.0256902
-0.0434088
0.015937
0.0609439
0.0175134
-0.045316
-0.0279529
0.0416299
0.055174
-0.0101171
-0.0494399
-0.0051996
0.0528506
0.0397562
-0.029158
-0.0462143
0.0208782
0.0597201
0.0110266
-0.044841
-0.0244596
0.0381627
0.0469148
-0.00871177
-0.0455832
-0.00586138
0.049745
0.034736
-0.0309109
-0.0445172
0.017137
0.0544586
0.0157357
-0.0423361
-0.0338415
0.0358743
0.0503339
-0.0116712
-0.0453705
-0.0050413
0.0447693
0.0276524
-0.0291322
-0.0366227
0.0153364
0.0416153
0.00303477
-0.0372257
-0.0158279
0.0324431
0.028868
-0.0188683
-0.0358497
0.000906901
0.0341345
0.0130558
-0.0277664
-0.0202325
0.0165961
0.0178104
-0.0114174
-0.0192729
0.00268268
0.0159589
0.00167002
-0.0164172
-0.0103544
0.00750464
0.0089039
-0.00854936
-0.0158735
0.00102267
0.0128372
0.00127437
-0.0142031
-0.0116614
0.00385929
0.00841685
-0.00643505
-0.0135878
0.000139981
0.00751942
-0.00161094
-0.0155184
-0.0116279
0.0102788
0.0114775
-0.00926636
-0.0207891
-0.00659388
0.0132718
0.00909556
-0.0127909
-0.0213098
0.00074452
0.0194012
0.00417638
-0.0201307
-0.0178746
0.00834436
0.0181192
-0.00461039
-0.0220052
-0.00719308
0.0173493
0.0109176
-0.0175384
-0.0187116
0.00622425
