1.69184e-05
1.1188e-05
1.00117e-05
1.09877e-05
9.75933e-06
1.02781e-05
9.54885e-06
9.58983e-06
9.83011e-06
9.90741e-06
9.95956e-06
9.66154e-06
9.70718e-06
9.23779e-06
9.21357e-06
8.96119e-06
8.6911e-06
8.92952e-06
8.85408e-06
9.06643e-06
8.5393e-06
8.67341e-06
8.89041e-06
7.67689e-06
7.5819e-06
7.85664e-06
7.22148e-06
7.52602e-06
7.86968e-06
7.22986e-06
7.46176e-06
7.52602e-06
6.9933e-06
6.95419e-06
6.55279e-06
6.60121e-06
6.10203e-06
5.90738e-06
5.90831e-06
5.90831e-06
5.67175e-06
5.77699e-06
5.64475e-06
5.66617e-06
5.34113e-06
5.08968e-06
5.29457e-06
5.43799e-06
4.66127e-06
4.85033e-06
4.7544e-06
4.32879e-06
4.54858e-06
4.33438e-06
3.9218e-06
3.68059e-06
3.79141e-06
3.80818e-06
3.62564e-06
3.93298e-06
4.23566e-06
3.88362e-06
3.39188e-06
3.57907e-06
3.24752e-06
3.08547e-06
3.0892e-06
2.44658e-06
2.55741e-06
2.29944e-06
2.15881e-06
2.48197e-06
2.3609e-06
2.30875e-06
2.11131e-06
2.49594e-06
2.17557e-06
2.14484e-06
2.34041e-06
1.59256e-06
2.07499e-06
1.92784e-06
1.36904e-06
1.49384e-06
1.329e-06
1.33272e-06
1.67638e-06
1.35321e-06
1.546e-06
1.47708e-06
1.42213e-06
1.40164e-06
1.26753e-06
1.14646e-06
1.34017e-06
1.3914e-06
9.04314e-07
1.46218e-06
1.2191e-06
9.53674e-07
1.47428e-06
8.19564e-07
6.75209e-07
1.04029e-06
9.84408e-07
1.13249e-06
1.04588e-06
1.12038e-06
1.31782e-06
1.25263e-06
1.10921e-06
1.03936e-06
1.04588e-06
8.48435e-07
1.00303e-06
6.23055e-07
9.73232e-07
7.85105e-07
2.54251e-07
8.86619e-07
4.38653e-07
7.17118e-07
1.09244e-06
2.16998e-07
4.38653e-07
8.15839e-07
3.45521e-07
2.24449e-07
3.5204e-07
1.61119e-07
1.17347e-07
-1.76951e-08
-3.53903e-07
-3.03611e-07
-1.64844e-07
-9.96515e-08
-3.82774e-07
-4.52623e-07
5.68107e-08
-3.57628e-07
-5.21541e-07
-5.06639e-07
-5.33648e-07
-2.82191e-07
-1.05146e-06
-1.2191e-06
-8.48435e-07
-1.09896e-06
-1.81142e-06
-1.72574e-06
-1.45286e-06
-1.54786e-06
-1.44262e-06
-1.65869e-06
-2.06474e-06
-1.91666e-06
-1.69966e-06
-1.65123e-06
-1.92877e-06
-2.25287e-06
-1.85985e-06
-1.70525e-06
-1.74809e-06
-1.96323e-06
-2.07871e-06
-2.4559e-06
-2.10572e-06
-2.26311e-06
-2.36463e-06
-2.31061e-06
-2.39536e-06
-2.02749e-06
-1.95391e-06
-1.63633e-06
-2.08523e-06
-2.51364e-06
-2.38512e-06
-2.55276e-06
-2.73809e-06
-2.73623e-06
-2.75299e-06
-2.23517e-06
-2.61795e-06
-3.31923e-06
-2.55927e-06
-2.08803e-06
-2.79024e-06
-2.71294e-06
-2.34041e-06
-2.48756e-06
-2.31899e-06
-2.60305e-06
-2.55182e-06
-2.59466e-06
-2.41678e-06
-2.1765e-06
-3.07709e-06
-2.40467e-06
-2.60118e-06
-2.56859e-06
-1.84402e-06
-2.59839e-06
-2.25473e-06
-2.02097e-06
-2.18302e-06
-2.29012e-06
-2.28919e-06
-2.16905e-06
-2.45869e-06
-1.76299e-06
-1.82353e-06
-2.19699e-06
-2.08057e-06
-2.08709e-06
-1.80677e-06
-1.80956e-06
-1.65682e-06
-1.29919e-06
-1.5758e-06
-1.39885e-06
-1.16136e-06
-1.29081e-06
-1.02259e-06
-1.49105e-06
-1.58325e-06
-1.39419e-06
-1.57207e-06
-1.37184e-06
-1.56276e-06
-1.50595e-06
-1.04122e-06
-8.47504e-07
-6.60308e-07
-8.83825e-07
-8.67061e-07
-7.52509e-07
-1.24518e-06
-7.75792e-07
-7.46921e-07
-1.21724e-06
-1.30385e-06
-1.18557e-06
-1.02725e-06
-1.37556e-06
-1.26287e-06
-1.49477e-06
-1.40257e-06
-1.01607e-06
-1.42306e-06
-1.1595e-06
-7.57165e-07
-1.14366e-06
-9.61125e-07
-1.00955e-06
-1.36159e-06
-1.59349e-06
-1.29081e-06
-9.99309e-07
-1.53482e-06
-1.2517e-06
-1.22376e-06
-1.17905e-06
-1.35694e-06
-1.49477e-06
-1.40257e-06
-1.47708e-06
-1.68104e-06
-1.66614e-06
-1.49757e-06
-1.70432e-06
-1.60839e-06
-1.67917e-06
-1.94833e-06
-2.01818e-06
-2.11783e-06
-2.08989e-06
-2.14577e-06
-2.04053e-06
-1.68011e-06
-1.94181e-06
-1.78628e-06
-1.44169e-06
-1.81422e-06
-1.94833e-06
-2.20444e-06
-2.31247e-06
-2.39722e-06
-2.37022e-06
-2.1141e-06
-2.54344e-06
-2.5453e-06
-2.44938e-06
-2.46428e-06
-2.63751e-06
-2.64402e-06
-2.53133e-06
-2.87965e-06
-2.57604e-06
-2.67383e-06
-3.20189e-06
