0.00019797
0.00018588
0.000174457
0.000164099
0.000148668
0.000138495
0.000125485
0.000109598
9.69684e-05
8.48575e-05
7.45337e-05
6.8048e-05
5.96736e-05
4.97624e-05
3.94564e-05
2.85162e-05
2.0572e-05
1.49617e-05
8.37538e-06
3.79048e-07
-8.04011e-06
-1.53258e-05
-1.92663e-05
-2.09929e-05
-2.30344e-05
-2.51886e-05
-2.8234e-05
-3.20114e-05
-3.45437e-05
-3.6356e-05
-3.84459e-05
-4.19812e-05
-4.73037e-05
-5.23208e-05
-5.5193e-05
-5.61988e-05
-5.67865e-05
-5.82729e-05
-5.97313e-05
-6.08461e-05
-6.06803e-05
-5.82123e-05
-5.644e-05
-5.45597e-05
-5.32065e-05
-5.2345e-05
-5.05298e-05
-4.83766e-05
-4.60632e-05
-4.54951e-05
-4.53182e-05
-4.52073e-05
-4.4669e-05
-4.16916e-05
-3.73172e-05
-3.32976e-05
-2.86857e-05
-2.37077e-05
-1.78702e-05
-1.0794e-05
-3.83891e-06
2.60398e-06
8.10623e-06
1.10706e-05
1.44858e-05
1.76197e-05
2.06651e-05
2.48216e-05
2.61459e-05
2.59085e-05
2.58414e-05
2.52165e-05
2.41753e-05
2.23499e-05
1.9785e-05
1.62506e-05
1.15419e-05
7.37794e-06
3.19351e-06
-3.36207e-07
-3.49618e-06
-8.89692e-06
-1.41906e-05
-1.8267e-05
-2.15564e-05
-2.24598e-05
-2.40868e-05
-2.6444e-05
-2.82917e-05
-3.02754e-05
-3.13967e-05
-3.1353e-05
-3.16603e-05
-3.18941e-05
-3.203e-05
-3.32473e-05
-3.41106e-05
-3.34419e-05
-3.34689e-05
-3.40194e-05
-3.51025e-05
-3.6533e-05
-3.5584e-05
-3.34717e-05
-3.03704e-05
-2.56952e-05
-2.29534e-05
-2.01752e-05
-1.57049e-05
-1.23437e-05
-8.75257e-06
-7.41985e-06
-7.77841e-06
-8.91183e-06
-1.12588e-05
-1.25673e-05
-1.32788e-05
-1.47428e-05
-1.64667e-05
-1.83927e-05
-1.88882e-05
-1.73543e-05
-1.47168e-05
-1.24583e-05
-1.12262e-05
-9.48366e-06
-7.60984e-06
-4.95184e-06
-2.20351e-06
-2.57045e-07
1.97254e-06
3.87058e-06
6.50715e-06
1.08536e-05
1.71885e-05
2.33036e-05
2.85152e-05
3.31001e-05
3.63663e-05
3.97097e-05
4.21293e-05
4.36176e-05
4.33391e-05
4.1509e-05
4.00273e-05
3.79262e-05
3.618e-05
3.5082e-05
3.26531e-05
2.93618e-05
2.7026e-05
2.46959e-05
2.38121e-05
2.36379e-05
2.21739e-05
2.13133e-05
2.03745e-05
1.83862e-05
1.7954e-05
1.71289e-05
1.59694e-05
1.55969e-05
1.52541e-05
1.56062e-05
1.68979e-05
1.7737e-05
1.88993e-05
2.05087e-05
2.11177e-05
2.12174e-05
2.16588e-05
2.1128e-05
2.07275e-05
2.11271e-05
1.91107e-05
1.73496e-05
1.65254e-05
1.44197e-05
1.34362e-05
1.24061e-05
1.08331e-05
9.6187e-06
8.76561e-06
6.794e-06
5.49108e-06
4.01214e-06
1.82539e-07
-2.51271e-06
-5.55813e-06
-8.89972e-06
-1.11079e-05
-1.42818e-05
-1.68523e-05
-1.74707e-05
-1.87755e-05
-1.88742e-05
-1.79522e-05
-1.77724e-05
-1.55382e-05
-1.33365e-05
-1.21547e-05
-8.3372e-06
-4.96395e-06
-1.67731e-06
2.49967e-06
4.99468e-06
8.18912e-06
1.15652e-05
1.45258e-05
1.74334e-05
1.88742e-05
1.96965e-05
2.05683e-05
2.05208e-05
2.13115e-05
2.13729e-05
1.96192e-05
1.76448e-05
1.41552e-05
1.13435e-05
9.52277e-06
6.11413e-06
2.92622e-06
3.44589e-07
-3.49712e-06
-6.54068e-06
-8.03079e-06
-1.09319e-05
-1.32164e-05
-1.60048e-05
-1.99424e-05
-2.2863e-05
-2.54568e-05
-2.73129e-05
-2.944e-05
-3.1882e-05
-3.46582e-05
-3.68236e-05
-3.78052e-05
-3.8092e-05
-3.793e-05
-3.74913e-05
-3.65404e-05
-3.55402e-05
-3.42149e-05
-3.21558e-05
-3.05371e-05
-2.82777e-05
-2.58004e-05
-2.4043e-05
-2.14949e-05
-1.95913e-05
-1.74409e-05
-1.56108e-05
-1.51154e-05
-1.41608e-05
-1.42958e-05
-1.45137e-05
-1.49133e-05
-1.60923e-05
-1.69277e-05
-1.83014e-05
-2.00337e-05
-2.10265e-05
-2.17017e-05
-2.18982e-05
-2.17874e-05
-2.16449e-05
-2.00104e-05
-1.82176e-05
-1.55838e-05
-1.16685e-05
-8.27387e-06
-3.49618e-06
1.55345e-06
5.56465e-06
1.03926e-05
1.48183e-05
1.83685e-05
2.16607e-05
2.35559e-05
2.53627e-05
2.68985e-05
2.75904e-05
2.8301e-05
2.7624e-05
2.66759e-05
2.5575e-05
2.40412e-05
2.34498e-05
2.25781e-05
2.20183e-05
2.0911e-05
1.97431e-05
2.02227e-05
2.09101e-05
2.11652e-05
2.10488e-05
2.02004e-05
1.89003e-05
