1.51316
0.337382
-1.18059
-0.926246
0.517714
1.23972
0.180665
-1.0655
-0.741787
0.552326
1.02411
0.0542683
-0.94897
-0.566701
0.572097
0.866391
-0.0581735
-0.883236
-0.414627
0.627841
0.735422
-0.189921
-0.834075
-0.282772
0.676581
0.64163
-0.291713
-0.782059
-0.186431
0.683764
0.574959
-0.361702
-0.73328
-0.0725047
0.648641
0.454498
-0.349235
-0.635899
-0.0474418
0.585162
0.388164
-0.339124
-0.53728
-0.00913214
0.476919
0.323744
-0.271102
-0.474657
-0.0157764
0.432643
0.289433
-0.248523
-0.438739
-0.0152475
0.419232
0.270875
-0.262624
-0.418332
0.0280895
0.416189
0.209899
-0.279428
-0.35787
0.0700582
0.365747
0.149228
-0.243927
-0.308262
0.0608003
0.344649
0.122207
-0.254623
-0.25165
0.0726723
0.286997
0.12554
-0.214267
-0.255863
0.0479047
0.280502
0.139553
-0.186514
-0.255923
0.00109838
0.252236
0.187009
-0.147427
-0.289656
-0.022461
0.261786
0.177409
-0.139265
-0.256324
-0.0261467
0.215611
0.160218
-0.0905932
-0.220782
-0.0631841
0.170835
0.170601
-0.0433064
-0.20564
-0.111149
0.15613
0.220868
-0.0398411
-0.254654
-0.105735
0.193485
0.21968
-0.0576395
-0.275187
-0.113958
0.231376
0.254634
-0.104271
-0.321557
-0.0734871
0.263821
0.239749
-0.107224
-0.334789
-0.0885247
0.290514
0.254543
-0.128426
-0.337987
-0.0851859
0.2806
0.268415
-0.106829
-0.363231
-0.113011
0.308388
0.296911
-0.117515
-0.398779
-0.120469
0.346056
0.313204
-0.145371
-0.414631
-0.107211
0.366623
0.311911
-0.181468
-0.410403
-0.0658187
0.363166
0.275683
-0.194529
-0.389513
-0.0291647
0.374458
0.233813
-0.242465
-0.36414
0.0325274
0.374198
0.188092
-0.284807
-0.35908
0.107115
0.401509
0.112223
-0.333007
-0.305843
0.169589
0.388674
0.059819
-0.352013
-0.267921
0.214411
0.363678
-0.00512196
-0.338709
-0.199738
0.221005
0.317065
-0.0405558
-0.315769
-0.13967
0.226759
0.256624
-0.0901888
-0.27523
-0.0456531
0.21054
0.147045
-0.10179
-0.195771
-0.01931
0.182399
0.125605
-0.126058
-0.191674
0.0334288
0.197909
0.079624
-0.146924
-0.170364
0.0622689
0.206227
0.0413199
-0.176868
-0.131048
0.0989461
0.166828
-0.00276154
-0.14418
-0.0811557
0.0889786
0.129824
-0.034269
-0.122815
-0.0125927
0.0881645
0.0572803
-0.0588753
-0.0720154
0.0290511
0.0629653
0.00986071
-0.0602223
-0.0399307
0.0556925
0.0603866
-0.0279242
-0.0808372
-0.0113675
0.0964182
0.0519252
-0.0819361
-0.0928419
0.0424509
0.136229
0.00751716
-0.145905
-0.0571697
0.108092
0.111523
-0.036527
-0.154426
-0.0464004
0.15432
0.130511
-0.0965239
-0.194905
0.00732111
0.209307
0.0977037
-0.150315
-0.193925
0.0478813
0.241108
0.0678511
-0.202069
-0.174302
0.0970274
0.244561
0.0399714
-0.233659
-0.167593
0.146474
0.25099
0.00488464
-0.261916
-0.168103
0.192938
0.272466
-0.0406617
-0.289204
-0.143912
0.217563
0.276223
-0.0583331
-0.306941
-0.128965
0.243648
0.266121
-0.0921308
-0.298385
-0.0894756
0.240036
0.233302
-0.106185
-0.283408
-0.0538276
0.235381
0.188474
-0.108103
-0.247005
-0.0434027
0.216278
0.165448
-0.105405
-0.214346
-0.0404103
0.186947
