2.57787
2.52694
2.40911
2.25018
2.07237
1.90696
1.76275
1.63451
1.50247
1.35332
1.176
0.962563
0.724054
0.465693
0.199302
-0.0627481
-0.31735
-0.549364
-0.747653
-0.909621
-1.03632
-1.13349
-1.21565
-1.30413
-1.40245
-1.50539
-1.60553
-1.68142
-1.71265
-1.69128
-1.62235
-1.51726
-1.39306
-1.26811
-1.15023
-1.04163
-0.936823
-0.82801
-0.712537
-0.585598
-0.445315
-0.295173
-0.138155
0.0246667
0.18825
0.340356
0.473008
0.579245
0.650943
0.692014
0.714346
0.730108
0.748715
0.775994
0.80903
0.835822
0.843044
0.818897
0.760359
0.673487
0.566022
0.451836
0.341735
0.239474
0.146377
0.0606804
-0.0192673
-0.0988825
-0.179379
-0.258769
-0.340367
-0.422717
-0.502876
-0.576507
-0.634414
-0.669772
-0.67573
-0.653497
-0.609658
-0.553435
-0.495861
-0.440934
-0.390173
-0.338943
-0.276715
-0.199339
-0.106607
0.000199066
0.114797
0.227749
0.333437
0.430956
0.518732
0.596681
0.664882
0.721182
0.763322
0.788778
0.798978
0.796997
0.786051
0.767908
0.742635
0.707843
0.655573
0.581484
0.485861
0.36924
0.238914
0.103796
-0.0296694
-0.158826
-0.285089
-0.409646
-0.535554
-0.664461
-0.794028
-0.920017
-1.03774
-1.14591
-1.24265
-1.32606
-1.39768
-1.45474
-1.49245
-1.50728
-1.49821
-1.46568
-1.41144
-1.34286
-1.26577
-1.17975
-1.08363
-0.972772
-0.841983
-0.689322
-0.516109
-0.32964
-0.13632
0.0572919
0.247543
0.431586
0.607822
0.780297
0.943071
1.09009
1.2247
1.3428
1.4459
1.54057
1.62942
1.71005
1.7734
1.81297
1.81685
1.78165
1.71473
1.62025
1.51368
1.40628
1.29934
1.19424
1.08264
0.955262
0.808956
0.64632
0.472359
0.292019
0.115929
-0.0512795
-0.208798
-0.351864
-0.479707
-0.59284
-0.690999
-0.775794
-0.851281
-0.92221
-0.989435
-1.05065
-1.09934
-1.12689
-1.12812
-1.10126
-1.0492
-0.982313
-0.911053
-0.840601
-0.774463
-0.711191
-0.643167
-0.564501
-0.473414
-0.371266
-0.261998
-0.152143
-0.0471164
0.0500138
0.137377
0.215009
0.281935
0.337605
0.38332
0.419869
0.448902
0.4731
0.495011
0.513099
0.522708
0.521412
0.504801
0.469043
0.418217
0.358236
0.294659
0.233144
0.177075
0.12673
0.0779357
0.0260232
-0.0304741
-0.091267
-0.15272
-0.211974
-0.266033
-0.310913
-0.347719
-0.374408
-0.388469
-0.392654
-0.386186
-0.369534
-0.344668
-0.31617
-0.287386
-0.256349
-0.224536
-0.187735
-0.139993
-0.0809018
-0.0101647
0.066724
0.143794
0.214731
0.274582
0.32363
0.363376
0.398943
0.433228
0.466956
0.499798
0.527043
0.544573
0.549467
0.540541
0.518098
0.483465
0.439612
0.387562
0.32784
0.261393
0.18967
0.11436
0.0361849
-0.0429997
-0.123464
-0.207367
-0.295552
-0.387606
-0.481944
-0.575691
-0.663018
-0.738902
-0.801578
-0.850496
-0.888893
-0.920047
-0.946001
-0.968162
-0.983055
-0.9867
-0.976617
-0.950238
-0.90686
-0.849061
-0.78079
-0.702777
-0.615898
-0.52234
-0.421211
-0.312168
-0.199038
-0.0840367
0.0311018
0.145811
0.260532
0.375025
0.488979
0.597558
0.697995
