0.61868
0.590439
0.517497
0.421139
0.317456
0.214116
0.115104
0.0271607
-0.0407196
-0.0840796
-0.109374
-0.127712
-0.145997
-0.163966
-0.180342
-0.196814
-0.214622
-0.232709
-0.245564
-0.246143
-0.230365
-0.19811
-0.151338
-0.0934449
-0.0296634
0.0348242
0.0945654
0.144634
0.180975
0.200278
0.2013
0.186637
0.162279
0.133119
0.101585
0.0696966
0.040711
0.0176762
0.00125889
-0.011497
-0.0261551
-0.0458692
-0.0692563
-0.0932377
-0.116443
-0.138463
-0.157708
-0.17121
-0.175848
-0.170957
-0.158791
-0.142491
-0.12345
-0.101921
-0.0789384
-0.0563745
-0.035998
-0.0183754
-0.00318861
0.0103226
0.0223599
0.0326993
0.041559
0.0489827
0.0545167
0.0576826
0.0583276
0.0563599
0.0517178
0.0442572
0.0345433
0.0243589
0.0153467
0.00797626
0.00173716
-0.00374558
-0.00780632
-0.00954535
-0.00976413
-0.0108861
-0.0150135
-0.0222724
-0.0308432
-0.0387508
-0.0447997
-0.0478567
-0.0465897
-0.0400648
-0.0288603
-0.0159482
-0.00494069
0.00248626
0.00674569
0.00868943
0.00864581
0.006705
0.00354287
0.000340598
-0.00178443
-0.00236437
-0.00198865
-0.00160216
-0.0017059
-0.00237902
-0.00363557
-0.00554293
-0.00857158
-0.0131064
-0.0190431
-0.0256027
-0.031394
-0.0356258
-0.0382705
-0.0394246
-0.0388253
-0.0359842
-0.0306637
-0.023389
-0.0152322
-0.00692747
0.00135928
0.0101727
0.0197391
0.0294246
0.0385757
0.047039
0.0550196
0.0626127
0.0694952
0.0748338
0.0776813
0.0776193
0.0753638
0.071725
0.0666925
0.0601728
0.0522335
0.0432897
0.0342831
0.0259594
0.0181609
0.0101984
0.00185713
-0.00593024
-0.0118641
-0.0154072
-0.0166831
-0.0164776
-0.0153535
-0.0132938
-0.0104846
-0.00741442
-0.00473905
-0.0028769
-0.00166786
-0.000478742
0.000807624
0.00187633
0.00258894
0.00300666
0.00336678
0.00376592
0.00424996
0.00455151
0.00443805
0.00422545
0.00410883
0.00390292
0.00314886
0.00160785
-0.000860316
-0.00417706
-0.00790854
-0.0116493
-0.0150887
-0.0179627
-0.0199102
-0.0209674
-0.0213348
-0.021233
-0.0210654
-0.0211596
-0.0216618
-0.0224733
-0.0234083
-0.024042
-0.0240356
-0.0231922
-0.0213957
-0.0187638
-0.0155548
-0.0121753
-0.0087858
-0.00553121
-0.00246755
0.000336174
0.00262872
0.00428141
0.005301
0.00598728
0.00645536
0.00675302
0.00697034
0.00722352
0.0077329
0.00847353
0.00934627
0.0100236
0.0103479
0.010282
0.009833
0.00908939
0.00810349
0.00692833
0.00558933
0.00427318
0.00297089
0.00172948
0.000682042
-0.000217292
-0.00106256
-0.00201174
-0.00303357
-0.00402602
-0.00488547
-0.00561644
-0.00622279
-0.00665245
-0.00668342
-0.00604744
-0.00489933
-0.00356036
-0.00224286
-0.000981015
0.000310099
0.00169139
0.0028995
0.00376838
0.00448682
0.00517013
0.00589546
0.00648472
0.00664515
0.00632667
0.00579222
0.00528876
0.00475382
0.00391976
0.00260552
0.000951639
-0.000887664
-0.00261859
-0.00398198
-0.00493568
-0.0054106
-0.00538258
-0.00490814
-0.00417751
-0.00324354
-0.00222135
-0.00132414
-0.000678152
-0.000264484
6.36745e-05
0.000302418
0.00043217
0.000372552
0.000342056
0.000709588
0.00168046
0.00319829
0.00470846
0.00576289
0.00634154
0.00677251
0.00718753
0.00753114
0.00759632
0.00727002
0.00680337
0.00624408
0.00554088
0.00445003
0.00270292
0.000558438
-0.00142597
-0.00299987
-0.00420845
-0.00524803
-0.00636119
-0.00739264
-0.00800461
-0.00801219
-0.00747645
-0.00672238
-0.00590778
-0.00490733
-0.00361112
-0.00217684
-0.000868252
