0.00617408
0.0029232
0.000176622
-0.00108519
-0.00087193
0.000929855
0.00108618
0.000602528
-0.000160689
-0.000416167
-6.93975e-05
0.000657767
0.000621866
-0.00055774
-0.00159998
-0.0014724
-0.000305035
0.000720344
0.000614927
-0.00027434
-0.00135528
-0.0016078
-0.000683689
0.000632629
0.00123748
0.000279147
-0.000827809
-0.00092377
6.09746e-05
0.00106236
0.000861186
-0.000241181
-0.00100802
-0.000809053
-1.58492e-05
0.00105722
0.00132966
0.000613851
-0.000228817
-0.000636941
6.45919e-05
0.000888483
0.000601607
-0.000331018
-0.00113698
-0.000886847
0.000101933
0.000794115
0.000487229
-0.000345861
-0.00124518
-0.0012548
-8.23941e-06
0.000659855
0.00058198
-0.000341935
-0.0010717
-0.00074085
-7.32578e-05
0.000779274
0.00044028
-0.000264738
-0.000503262
-0.000543618
0.00047255
0.000843059
0.000397572
-0.000321503
-0.000972009
-0.000517642
0.00057243
0.000930974
0.000157252
-0.000844971
-0.0010032
-0.000104416
0.000936314
0.00101128
0.000209239
-0.00060257
-0.000875074
-0.000311951
0.000183566
0.000431634
0.000190026
-0.000342309
-0.000302195
-1.96351e-05
0.000264292
0.000415988
-7.68462e-05
-0.000587254
-0.000637352
-9.84715e-05
0.000473773
0.000627538
-6.32871e-05
-0.000822941
-0.000660171
9.02545e-06
0.000535612
0.000326153
-0.0004214
-0.000611296
-0.000166912
0.000186959
0.000620046
0.000324845
-0.0001811
-0.000395197
-0.000422344
-7.4937e-05
0.000293642
0.000384486
0.000121442
-0.000124778
1.95121e-05
0.00021652
0.000328087
0.000118837
-0.000338131
-0.000274558
0.00012808
0.000638856
0.00077119
0.000112894
-0.000297529
-0.00052421
-0.000110944
0.000443178
0.000416128
0.000164311
-0.000241039
-0.000185928
-0.000155839
-7.58749e-05
-2.63657e-06
-0.000219045
-0.000208141
-0.000158504
-9.9591e-05
0.000238886
0.000187437
-0.000362425
-0.000322231
-2.42079e-05
0.000333893
0.00036729
-1.01821e-05
-0.000212271
-0.000296428
9.94802e-05
0.000578423
0.000683956
0.000249641
-0.000165354
-0.000191653
0.000143638
0.000346874
0.000215443
0.00018964
0.000129213
0.000187594
0.000121915
0.000154238
0.00029401
-5.97369e-05
-0.000380028
-0.000230704
0.000186942
0.000415761
8.95197e-05
-0.000626794
-0.000883021
-0.00034444
5.43669e-05
0.000385132
2.36575e-05
-0.000439748
-0.000452935
-0.000104223
0.000279003
0.000386129
8.33059e-05
-0.000357869
-0.000117502
2.2185e-05
0.00028489
0.00033318
3.1908e-05
-0.000149426
-0.000278699
-8.17385e-05
0.000425381
0.000453123
-0.000117812
-0.000658656
-0.000614684
7.62995e-05
0.000538163
0.000360503
-4.96283e-05
-0.00062575
-0.000672031
-0.000291233
0.000202144
0.000371999
-0.00013403
-0.000422597
-0.000472072
-7.40271e-05
0.000131834
-0.000229267
-0.000486766
-0.000606134
-0.000166043
0.000533855
0.000916234
0.000423903
-0.000376008
-0.000802802
-0.000489132
0.000426771
0.000867217
0.000461136
-9.91151e-05
-0.000353123
-0.000297854
0.000195446
0.000282554
-1.83145e-05
-0.000296557
-0.000470282
-0.000250287
0.000218622
0.000398503
-9.33902e-05
-0.000493726
-0.000445876
-6.1186e-05
0.000481105
0.000661214
0.000331072
-0.000121194
-0.000221082
0.000196484
0.000747669
0.000696379
-0.000101743
-0.000694177
-0.000641708
-4.64283e-05
0.000696794
0.000531749
-3.77651e-06
-0.000247508
-0.000519608
-0.000133424
8.73888e-05
4.93536e-05
0.000130724
-0.000243597
-0.000114588
0.000244151
0.000497267
0.00041658
-0.000274172
-0.000633852
-0.000322388
0.000422969
0.00086305
0.000687635
0.000143299
-0.000461373
-0.000592657
3.38685e-05
0.000408145
0.000158045
-0.000114598
-0.000289193
0.000119889
0.000480444
0.000451207
0.000209195
-0.000216692
-0.000580496
-0.000607939
1.58232e-06
0.000617179
0.000475682
-9.37283e-06
-0.000416002
-0.000326634
0.0001287
0.000188582
-4.05405e-05
-0.000405153
-0.000482437
-0.000127174
0.000370674
