0.491954
0.47625
0.454179
0.43852
0.413785
0.385157
0.362361
0.344987
0.326698
0.304248
0.280923
0.254942
0.224003
0.188572
0.151541
0.115584
0.0767116
0.039231
0.0128958
-0.00897387
-0.0298113
-0.0403672
-0.049944
-0.0697716
-0.0895555
-0.107011
-0.129326
-0.152826
-0.169697
-0.178392
-0.184211
-0.188927
-0.190388
-0.190054
-0.190867
-0.194677
-0.198479
-0.20252
-0.212094
-0.220775
-0.223129
-0.225684
-0.226751
-0.221105
-0.213658
-0.209027
-0.206243
-0.204223
-0.205222
-0.209044
-0.209556
-0.205425
-0.200068
-0.19408
-0.185203
-0.172052
-0.159358
-0.148728
-0.135315
-0.121854
-0.110844
-0.0975306
-0.0831278
-0.0703799
-0.054657
-0.033228
-0.0102099
0.0103692
0.0304885
0.0522354
0.0710006
0.0850277
0.0994645
0.116359
0.132757
0.146342
0.160438
0.176416
0.187888
0.195377
0.203893
0.210378
0.213397
0.214962
0.214414
0.211839
0.209079
0.207402
0.204422
0.198119
0.191922
0.185473
0.173444
0.15696
0.141576
0.127266
0.110126
0.0918724
0.0771144
0.0619205
0.0420483
0.0226438
0.00557528
-0.0131011
-0.0334597
-0.0524959
-0.0690996
-0.0854944
-0.102194
-0.115704
-0.126892
-0.138658
-0.149048
-0.157677
-0.167998
-0.179736
-0.188258
-0.19379
-0.200026
-0.204097
-0.203241
-0.201743
-0.202566
-0.203149
-0.20203
-0.2023
-0.204336
-0.204378
-0.20189
-0.199589
-0.196854
-0.189728
-0.180319
-0.17304
-0.164355
-0.153273
-0.145667
-0.141204
-0.134201
-0.124288
-0.114367
-0.102542
-0.0856154
-0.0654975
-0.0464753
-0.0288137
-0.00946587
0.00921026
0.0238922
0.039165
0.0565394
0.0717183
0.0864054
0.10562
0.126575
0.145053
0.165552
0.188214
0.205163
0.216874
0.227784
0.23741
0.244064
0.248848
0.257312
0.268955
0.276024
0.279264
0.28473
0.288033
0.281837
0.272276
0.265593
0.254304
0.236484
0.220642
0.20707
0.191501
0.176208
0.162919
0.14874
0.133089
0.115948
0.0967303
0.0769152
0.0568378
0.0384335
0.023642
0.00931714
-0.00441052
-0.0142343
-0.022898
-0.0342082
-0.0456522
-0.0543378
-0.0634422
-0.075087
-0.0854065
-0.0933672
-0.101525
-0.109003
-0.114512
-0.118741
-0.12262
-0.127058
-0.131478
-0.135849
-0.141189
-0.145994
-0.149056
-0.152093
-0.155372
-0.157126
-0.157763
-0.158806
-0.159699
-0.159002
-0.156727
-0.154362
-0.151876
-0.147625
-0.142599
-0.137902
-0.13202
-0.124623
-0.116948
-0.108825
-0.0993362
-0.0889692
-0.0778618
-0.065151
-0.0514909
-0.0378825
-0.0239699
-0.00998936
0.0029396
0.0145029
0.0255215
0.0374245
0.0503334
0.0622071
0.0735982
0.0865039
0.0983154
0.106859
0.114057
0.120229
0.124163
0.126079
0.12645
0.125735
0.124781
0.124029
0.122653
0.120579
0.119088
0.116826
0.111461
0.103527
0.0946988
0.0861947
0.076836
0.0658043
0.056865
0.0508181
0.0436479
0.0351819
0.0278508
0.0207902
0.011625
0.00128839
-0.00860024
-0.0195857
-0.0307477
-0.0396486
-0.0471375
-0.0530555
-0.057215
-0.0605438
-0.0636452
-0.0681087
-0.0743595
-0.0807932
-0.0871765
-0.0941014
-0.0994951
-0.10203
-0.104175
-0.106004
-0.105415
-0.104213
-0.10468
-0.105479
-0.106003
-0.107896
-0.110844
-0.113088
-0.113987
-0.112973
-0.109965
