0.383791
0.367246
0.333193
0.294357
0.258749
0.241735
0.240496
0.246341
0.253265
0.250007
0.234717
0.20968
0.177738
0.146561
0.117418
0.0925402
0.0730164
0.0541025
0.0389035
0.0286961
0.0195098
0.0157062
0.013271
0.00218007
-0.0155176
-0.04061
-0.0711685
-0.0965273
-0.112911
-0.118204
-0.112319
-0.103753
-0.0995355
-0.10422
-0.119016
-0.139904
-0.162237
-0.179067
-0.187278
-0.188236
-0.182848
-0.176007
-0.172659
-0.172208
-0.175027
-0.180777
-0.185826
-0.189604
-0.191738
-0.189907
-0.185125
-0.177524
-0.165801
-0.152474
-0.139895
-0.129902
-0.123983
-0.120682
-0.117799
-0.112168
-0.101155
-0.0849826
-0.064902
-0.0444505
-0.0269503
-0.0130013
-0.00324351
0.00415313
0.0126366
0.0226208
0.0354398
0.0514638
0.0672913
0.082311
0.0962569
0.107783
0.117798
0.125628
0.13006
0.132109
0.13241
0.132928
0.136107
0.1425
0.151621
0.159657
0.163235
0.161273
0.152618
0.140505
0.129334
0.120565
0.116469
0.116065
0.115586
0.113191
0.106351
0.094205
0.0786289
0.0609796
0.0432174
0.026896
0.0126968
0.000777895
-0.00975894
-0.0194728
-0.028749
-0.0394035
-0.0522614
-0.0676247
-0.0858033
-0.10447
-0.121188
-0.134377
-0.142006
-0.144654
-0.144947
-0.144566
-0.146678
-0.152977
-0.162248
-0.172707
-0.181591
-0.186369
-0.185646
-0.179628
-0.170537
-0.16043
-0.151417
-0.14542
-0.142286
-0.142047
-0.144047
-0.145201
-0.143519
-0.137659
-0.125902
-0.109621
-0.0920817
-0.0760109
-0.0650939
-0.0610314
-0.0618493
-0.06426
-0.063807
-0.0569501
-0.0427022
-0.0226981
-0.00105445
0.0185697
0.0328538
0.0409912
0.0466646
0.0515582
0.0572115
0.0669895
0.0795924
0.0938252
0.111008
0.129561
0.149305
0.169966
0.187727
0.199792
0.204406
0.201922
0.196654
0.193947
0.199177
0.213351
0.232418
0.251049
0.259862
0.253669
0.236037
0.210472
0.183835
0.165207
0.155776
0.15358
0.155007
0.152591
0.142983
0.126602
0.105141
0.0829333
0.0631039
0.0465496
0.0329149
0.0205563
0.00971698
0.000467068
-0.00688596
-0.0109334
-0.0144959
-0.020498
-0.029086
-0.0423778
-0.0594475
-0.0755507
-0.0882038
-0.0946569
-0.0936055
-0.0890183
-0.0850249
-0.0850028
-0.0917171
-0.103833
-0.117411
-0.128441
-0.133959
-0.133615
-0.129039
-0.123661
-0.120195
-0.118911
-0.12046
-0.123336
-0.124659
-0.124537
-0.122852
-0.119042
-0.114694
-0.109555
-0.102571
-0.0944592
-0.0856749
-0.0770778
-0.0702044
-0.0655895
-0.0625176
-0.0587803
-0.0522878
-0.0420724
-0.0283466
-0.0139205
-0.00155909
0.00792902
0.0134022
0.0168245
0.0216229
0.0283353
0.0378373
0.0492527
0.059789
0.0689102
0.0761999
0.0814434
0.0856546
0.0891409
0.0920282
0.0938812
0.0943839
0.0943648
0.0943937
0.0955712
0.0984032
0.101151
0.102417
0.101329
0.0961388
0.0876427
0.0785051
0.0701479
0.0643515
0.0618404
0.0604526
0.0584525
0.0544237
0.0466292
0.0355196
0.0226565
0.00968632
-0.00172711
-0.0110204
-0.018561
-0.0251943
-0.0316175
-0.0381026
-0.0453017
-0.0534309
-0.062105
-0.0716482
-0.0818898
-0.091543
-0.0996549
-0.105131
-0.107086
-0.106614
-0.105227
-0.104337
-0.105711
-0.109453
-0.114602
-0.119715
-0.122373
-0.121244
-0.116615
-0.109392
-0.10156
