0.000586141
-0.000102103
-0.000220124
0.000304499
-2.33063e-05
-0.00011215
0.00022347
-7.49063e-06
-8.26456e-05
0.000212084
-1.16564e-05
1.18837e-05
7.03e-05
-7.0489e-05
8.4701e-05
7.53636e-05
-6.9296e-05
7.05617e-05
5.83678e-05
-9.61013e-05
0.000104088
6.379e-05
-0.000115369
2.7352e-05
4.1211e-05
-3.80976e-05
3.63234e-05
-5.35417e-06
-3.49991e-05
6.70245e-05
-2.2741e-05
-4.791e-05
5.88708e-05
-2.1005e-05
-7.02729e-05
3.66755e-05
-2.24076e-06
-7.09137e-05
9.48831e-06
1.91806e-05
-2.10498e-05
-2.92473e-05
-1.96015e-05
-1.58325e-08
-1.4835e-05
-3.56883e-05
2.33669e-06
-2.73995e-06
-5.07338e-05
1.85799e-06
1.2842e-05
-5.85718e-05
-3.2234e-05
1.88351e-05
-2.50582e-05
-3.34512e-05
6.33392e-06
-5.38398e-06
-2.55918e-05
-7.63312e-06
3.98234e-06
-8.923e-06
-2.31601e-05
-1.04653e-05
1.22571e-05
-1.49179e-05
-3.14182e-05
3.59397e-06
8.43778e-06
-1.19284e-05
7.44127e-07
1.32807e-05
-4.15649e-06
-1.01086e-05
3.44869e-06
1.43982e-06
3.81842e-07
9.93721e-07
6.89365e-06
7.03894e-06
-8.51694e-06
2.19326e-06
1.87224e-05
-3.45241e-06
-9.19029e-06
2.26209e-05
1.20196e-05
-5.04497e-06
1.38525e-05
1.45901e-05
2.03587e-06
5.19771e-06
1.16378e-05
1.27275e-05
-2.07778e-06
-5.51715e-06
2.0464e-05
1.14385e-05
-1.14618e-05
1.27237e-05
2.09901e-05
-3.09199e-07
4.49177e-06
1.24453e-05
2.02935e-06
-4.0466e-06
-7.33882e-07
3.71691e-06
3.46266e-06
-1.6382e-06
7.58376e-06
6.59004e-06
-1.00415e-05
-1.93063e-06
6.28456e-06
-3.64706e-06
-3.00631e-06
2.41306e-06
-1.12969e-06
-2.52388e-06
-4.37628e-06
-6.00331e-06
1.51806e-07
-7.43382e-06
-1.24723e-05
6.31809e-06
-4.55976e-06
-1.39922e-05
1.44355e-06
4.14439e-07
-6.143e-06
-4.5374e-06
-3.43844e-06
-7.6117e-06
-3.92273e-06
-6.32647e-06
-1.24052e-06
-1.10874e-05
-1.92421e-05
1.24061e-05
3.19351e-06
-1.78451e-05
-2.04891e-07
5.2629e-06
-1.26949e-05
-8.35769e-06
5.60284e-06
-5.5749e-06
-5.12227e-06
-1.92784e-07
-3.40771e-06
-6.95325e-06
-6.35441e-06
-8.5216e-07
-2.33855e-06
-2.14204e-08
7.37607e-07
9.61125e-07
3.03984e-06
-1.30944e-06
-6.18398e-07
2.39257e-06
-2.08896e-06
-4.05964e-06
1.38488e-06
6.23148e-06
1.30385e-07
3.57535e-06
3.18792e-06
6.33299e-08
6.8089e-06
1.33179e-06
4.40795e-06
9.43802e-06
2.9346e-06
-3.30992e-06
7.29132e-06
2.75113e-06
-1.02166e-06
1.05146e-05
-2.56393e-06
-3.75416e-06
1.07326e-05
3.83146e-06
-7.54651e-06
4.67151e-06
5.47618e-06
-2.48477e-06
3.5353e-06
-4.39305e-06
-2.88989e-06
5.07012e-06
-8.78144e-06
-8.44151e-06
3.31551e-06
-9.66061e-06
-1.11982e-05
7.96095e-06
-7.05104e-06
-8.60263e-06
4.39398e-06
-1.10185e-05
-1.12941e-05
-3.9218e-06
-1.06692e-05
-9.07667e-06
-7.70204e-07
-1.47894e-05
-6.71297e-06
-3.68524e-06
-2.34228e-05
-2.33855e-06
-4.61098e-06
-2.51858e-05
-3.15253e-06
1.75368e-06
-1.89412e-05
-3.35835e-06
-3.68245e-06
-2.19662e-05
-6.07595e-06
-7.11344e-06
-1.53678e-05
-3.21399e-06
-8.40425e-06
-1.37435e-05
2.20165e-06
-7.40401e-06
-1.11563e-05
5.56558e-06
-3.7821e-06
-1.17589e-05
4.32041e-06
5.13718e-06
-1.0713e-05
2.13087e-06
1.19861e-06
-2.41399e-06
6.73067e-06
-4.18164e-07
-1.27684e-06
5.21075e-06
7.69831e-06
6.66827e-06
1.2638e-05
1.45566e-06
6.46338e-07
1.19889e-05
4.75999e-06
7.29319e-06
1.0673e-05
-1.10548e-06
1.59629e-06
1.13826e-05
1.07288e-05
1.03908e-05
4.43123e-06
7.72998e-06
1.66064e-05
9.72115e-06
1.25822e-06
1.36402e-05
6.59004e-06
6.39539e-06
2.07946e-05
3.78955e-06
1.63727e-06
1.24574e-05
8.1202e-06
5.72205e-06
1.41514e-05
5.19119e-06
5.75371e-06
1.4727e-05
3.9041e-06
1.2422e-05
8.9258e-06
-1.41654e-06
9.25548e-06
7.18515e-06
-1.7127e-06
7.10599e-06
7.81007e-06
-3.96464e-06
7.11717e-06
5.2359e-06
-3.00352e-06
5.94929e-06
2.80328e-07
-3.86685e-06
4.74881e-06
-4.73112e-07
-6.53043e-06
5.95115e-07
-7.13114e-06
-7.51205e-06
-2.04425e-06
-1.03815e-05
-7.39191e-06
-1.45845e-06
