0.261163
0.254965
0.244076
0.231188
0.216097
0.201814
0.188286
0.175105
0.161315
0.146422
0.128098
0.106503
0.0846022
0.0636125
0.0443073
0.0264125
0.00957127
-0.00607153
-0.0194177
-0.0317
-0.0429229
-0.0514477
-0.0591432
-0.0656678
-0.0709707
-0.0773051
-0.0839705
-0.089428
-0.0930985
-0.0946494
-0.0938375
-0.0916004
-0.0893902
-0.0877502
-0.0875827
-0.0894445
-0.0924223
-0.0950005
-0.096513
-0.0964656
-0.0952097
-0.094206
-0.0933259
-0.0931201
-0.0940977
-0.0956229
-0.097339
-0.0985762
-0.0988088
-0.0978218
-0.0960797
-0.0934273
-0.089875
-0.0854387
-0.0798268
-0.073639
-0.0670778
-0.0603515
-0.052992
-0.0450755
-0.0366582
-0.0271661
-0.0170293
-0.00592986
0.00616961
0.018426
0.0298782
0.0407908
0.0513083
0.0610064
0.0702461
0.0788259
0.087269
0.0956403
0.103695
0.111057
0.116804
0.121161
0.123743
0.124651
0.124273
0.122638
0.120519
0.117864
0.114231
0.109311
0.102839
0.0946586
0.0850834
0.0749873
0.0647475
0.0545949
0.0444003
0.0339355
0.0227719
0.0106055
-0.0020641
-0.014903
-0.0268663
-0.0371228
-0.0459957
-0.0534372
-0.0599306
-0.0653816
-0.0699276
-0.0744885
-0.0782144
-0.0807945
-0.0822017
-0.0825914
-0.0823449
-0.0811912
-0.0793397
-0.076677
-0.0732322
-0.0693465
-0.0653655
-0.0611617
-0.0573936
-0.0547653
-0.0524303
-0.0501919
-0.0477921
-0.0448477
-0.0413321
-0.0376185
-0.0339897
-0.0311339
-0.0295479
-0.0285347
-0.0275205
-0.0259632
-0.0237942
-0.020709
-0.0170089
-0.0128783
-0.00843484
-0.00473329
-0.00112435
0.00302417
0.00758736
0.0126882
0.0182608
0.0239497
0.0299233
0.0362908
0.0424261
0.0486684
0.0546298
0.059838
0.0641945
0.0670499
0.0687185
0.0691711
0.0690314
0.0690181
0.068569
0.0679044
0.0668555
0.0643992
0.0603429
0.0548971
0.0482991
0.0411349
0.0343438
0.0285142
0.0231854
0.0178258
0.0131825
0.00862992
0.00257228
-0.00384049
-0.0104306
-0.016941
-0.0225092
-0.0276041
-0.0318657
-0.0355756
-0.0384952
-0.0407751
-0.0432106
-0.0456346
-0.0477675
-0.0494045
-0.0508381
-0.0519622
-0.0525628
-0.052256
-0.0512695
-0.0494715
-0.0467133
-0.0439634
-0.041019
-0.0379247
-0.0349845
-0.0320959
-0.0290062
-0.0254269
-0.0210228
-0.0156906
-0.00978294
-0.00361242
0.0021182
0.0075999
0.0127541
0.0171551
0.0211263
0.0250955
0.0297398
0.0347817
0.0397858
0.0446212
0.0488692
0.052511
0.0552772
0.0566844
0.0571107
0.0572792
0.0572157
0.056856
0.056196
0.0551895
0.0542008
0.0529842
0.0510338
0.0484881
0.0454022
0.0419718
0.0381907
0.0340537
0.0298909
0.025851
0.0223742
0.019188
0.0159226
0.0128419
0.00960989
0.00601314
0.00207107
-0.00224887
-0.00664698
-0.010718
-0.0143031
-0.0175109
-0.0202931
-0.0227333
-0.0251677
-0.02782
-0.030786
-0.0341014
-0.0374492
-0.0404882
-0.0433113
-0.0458101
-0.047755
-0.0493326
-0.0506477
-0.0517821
-0.0528421
-0.0536683
-0.0542579
-0.0547313
-0.0550743
-0.0552491
-0.0549431
-0.0541078
-0.0526678
-0.0505576
-0.0477519
-0.0441827
-0.0403779
-0.036545
-0.0328564
-0.029128
-0.0250647
-0.0207846
-0.0159255
-0.0104476
-0.00443102
0.00186493
0.00805264
0.0138752
0.0192626
0.0245518
0.0295991
0.0345884
0.0397251
0.0447323
0.0494938
0.0538146
0.0574723
0.0604682
0.0631889
0.0653772
0.0670547
0.0685369
0.0691303
0.0687767
0.0675803
0.0653813
