0.00898583
0.00585087
0.00274783
0.00165653
0.00157748
0.00294154
0.00266658
0.0014705
0.00109315
0.00109016
0.00152487
0.00160975
0.000298745
-0.00120076
-0.00146199
-0.000776527
-4.53144e-05
0.000166552
-0.000669753
-0.00148348
-0.00163517
-0.00135168
-0.000813828
-0.000563666
-0.00097155
-0.00148781
-0.00150177
-0.00105497
-0.000837247
-0.00126993
-0.00215774
-0.00261203
-0.00222733
-0.00151033
-0.00120324
-0.00127216
-0.00138891
-0.00101463
-0.000310315
-0.000264651
-0.000280485
-0.00058344
-0.00102171
-0.000555702
9.96627e-05
0.00027658
0.000230005
0.000119334
0.000357072
0.000883637
0.000985141
0.000591081
-0.000158966
-0.000648507
-0.000758311
-0.000407686
-0.000189796
-0.000152486
-0.000257724
-0.000477297
-0.00048167
-0.000336017
-0.000551617
-0.00114802
-0.00133908
-0.00100274
-0.000438494
-0.000268172
-0.00053671
-0.000885957
-0.000838295
-0.000533029
-0.000274017
-0.000369021
-0.000321927
2.76463e-05
0.000431259
0.000952573
0.000898995
0.000382002
0.000264316
0.0003435
0.000651881
0.000843022
0.000941247
0.00119294
0.00146167
0.00159331
0.00166676
0.00164191
0.00121898
0.000817314
0.000710853
0.00123542
0.00193135
0.00204777
0.00161828
0.000994476
0.000829634
0.00118122
0.00119797
0.000845417
0.000526572
0.000318589
0.000472543
0.00064853
0.00050243
-0.000235151
-0.000900612
-0.000954069
-0.000827981
-0.000609931
-0.00078684
-0.00125893
-0.00137531
-0.00129057
-0.0012399
-0.00111907
-0.00121864
-0.00151507
-0.00185431
-0.00167698
-0.00109486
-0.000644963
-0.000825815
-0.00119257
-0.00109584
-0.000670866
-0.000285652
-0.0003644
-0.000847431
-0.0010482
-0.000572362
8.34446e-05
0.000449164
0.000144591
-0.000164074
0.000150124
0.000808946
0.000977764
0.000458034
-0.00013417
-3.70797e-05
0.000649407
0.00110608
0.000943375
0.00053209
0.000168222
6.17793e-05
0.000393991
0.000372645
0.000230783
0.000292956
0.000213441
0.000399973
0.000491448
0.000193589
-0.00015803
-0.000599962
-0.000584001
-4.5877e-05
0.000392179
0.000516769
0.000158899
-0.000239815
-0.000167225
0.000134563
0.000188712
-0.000183154
-0.000502487
-0.000250645
0.000124417
0.000550855
0.00045792
-1.05109e-05
-0.000136808
0.00015608
0.000578534
0.00061388
0.000303957
0.000159703
0.000298548
0.000707589
0.00094481
0.000645772
0.000319158
5.343e-05
0.000298658
0.000645486
0.000605107
0.000395718
9.60473e-06
-0.000124176
2.88775e-05
-9.41176e-05
-0.000168252
-0.000359831
-0.000662371
-0.000640522
-0.000444695
-0.000318617
-0.000476047
-0.000795099
-0.000927317
-0.000788356
-0.000592053
-0.000643189
-0.000881155
-0.00103696
-0.000937561
-0.000475452
-2.41371e-05
-3.09665e-05
-0.000374216
-0.000628378
-0.000623493
-0.00031571
-8.28831e-05
-0.000300791
-0.00048462
-0.000358485
-0.000132855
0.000308682
0.000558823
0.000236267
6.31781e-05
0.000101572
0.000451385
0.00100313
0.00093533
0.000436434
0.000274363
0.000436334
0.000819978
0.000974647
0.000277461
-0.000192299
4.7327e-05
0.0006852
0.00119514
0.00100452
0.000148622
-0.00033184
-0.000159044
3.09404e-05
9.58592e-05
-0.000221081
-0.000495712
-0.000245883
-2.12993e-06
0.000255791
0.000216572
-0.00027828
-0.000470942
-0.000263303
-1.19861e-06
0.000121597
0.000104136
-0.000121607
-0.000227064
7.46371e-05
0.000408891
0.000532928
0.000169432
-0.000399961
-0.00032531
0.000151129
0.000586051
0.000532085
2.80337e-05
-0.000428041
-0.000419854
-1.29808e-05
7.6808e-05
-4.25428e-06
9.94466e-06
0.00011521
0.00050288
0.000802625
0.000519939
-4.88181e-05
-0.000284963
-0.000306392
0.000135916
0.000584503
0.000393487
0.000156503
-8.97655e-05
-0.000185501
-3.92413e-05
-0.000207962
-0.000426381
-0.000598878
-0.000712235
-0.000459857
-0.000212749
-0.000403713
-0.000714766
-0.00083354
-0.000695987
