0.410563
0.12802
-0.251985
-0.215598
0.118093
0.274188
0.0259185
-0.209047
-0.0814167
0.196929
0.209303
-0.070202
-0.233762
-0.0805861
0.165468
0.179529
-0.0273599
-0.140763
-0.0453605
0.084679
0.0597228
-0.072497
-0.0953862
0.0319407
0.12412
0.0558839
-0.0743474
-0.105492
-0.0277754
0.0423948
0.0372625
0.0101245
0.00966064
0.000211171
-0.0302838
-0.0381284
-0.00302228
0.0284847
0.007743
-0.0202938
0.0164379
0.0636881
0.0113239
-0.0933748
-0.0899195
0.0379279
0.124019
0.0505092
-0.0820541
-0.0798325
0.0327912
0.0634934
-0.0238849
-0.0900974
-0.0183852
0.099959
0.0879739
-0.0443671
-0.131484
-0.062216
0.0636406
0.0844412
-0.000243807
-0.0668134
-0.0313337
0.0379654
0.0293999
-0.0494847
-0.0819784
-0.00466801
0.0852315
0.0669075
-0.036364
-0.0909073
-0.0382494
0.040081
0.0413703
-0.0145917
-0.0246678
0.0257987
0.053374
-0.00371132
-0.077342
-0.0550287
0.0385071
0.0854306
0.036276
-0.0371316
-0.0434422
0.00715731
0.02979
-0.00670185
-0.034099
0.00508701
0.0645578
0.054383
-0.0250182
-0.0722436
-0.0340501
0.0394827
0.0606274
0.00895966
-0.027609
-0.00392924
0.0255959
0.00475275
-0.0506064
-0.0486641
0.0285351
0.0803441
0.0385315
-0.0464222
-0.0726424
-0.0153417
0.0431941
0.0243092
-0.0271515
-0.0183059
0.0361365
0.0465064
-0.0147828
-0.0710124
-0.0426896
0.0407078
0.079338
0.0292973
-0.0419882
-0.0447473
0.00198985
0.0300347
0.0104609
-0.0262779
-0.0101794
0.0413975
0.0532023
-0.00358927
-0.0744089
-0.0586441
0.0277485
0.0809357
0.0374315
-0.0463077
-0.0525315
0.00961786
0.0376703
-0.00972954
-0.0512326
-0.00978206
0.052784
0.0487297
-0.0207648
-0.07032
-0.0373257
0.0240987
0.0366483
0.006988
-0.0119319
-0.00815262
-0.00183105
-0.00675663
-0.0214664
-0.0204232
0.0041167
0.0236588
0.0208509
0.00151265
-0.0276231
-0.0405122
-0.0183497
0.0119097
0.0307149
0.0238516
-0.0133252
-0.0327989
-0.0122536
0.011974
0.00839608
-0.0154949
-0.0217791
0.0190653
0.0577513
0.0160378
-0.0622579
-0.0700121
0.0144506
0.0838108
0.0357754
-0.0524536
-0.0523722
0.0271229
0.0572278
-0.0181717
-0.0771924
-0.0239357
0.0764678
0.0772531
-0.0313063
-0.0876765
-0.0312017
0.052155
0.0547297
-0.022793
-0.0515709
0.00611396
0.0516596
0.0148461
-0.0573396
-0.0606629
0.0175178
0.067848
0.0221568
-0.047201
-0.0487919
0.0054795
0.0309036
-0.00871204
-0.045819
-0.0101785
0.0506515
0.0386494
-0.0348373
-0.0706088
-0.0176975
0.0506134
0.0373061
-0.020683
-0.0313968
0.0105715
0.0329618
-0.00617565
-0.0424135
-0.0162938
0.0386185
0.0476226
0.00191865
-0.0324757
-0.0216245
0.0129559
0.0207537
-0.00267093
-0.0102431
0.0101016
0.0303857
0.0139207
-0.0297364
-0.0463042
-0.00619507
0.0445541
0.0357021
-0.0110501
-0.0340371
-0.011527
0.0201866
0.00517773
-0.0253532
-0.016945
0.0214815
0.0383512
0.00229412
-0.040419
-0.0325329
0.00743836
0.0227025
0.00613746
-0.00361078
0.000683458
0.000750823
-0.0101861
-0.0201593
-0.00841582
0.0129001
0.0142448
0.00106882
-0.0022572
0.00400449
-0.00298455
-0.0227895
-0.0202865
0.0120994
0.0351454
0.0162614
-0.0243463
-0.0365236
-0.00474174
0.0253984
0.00748533
-0.0282703
-0.0226208
0.0219084
0.038417
-0.0107366
-0.0616045
-0.0399712
0.0303058
0.0569456
0.00296132
-0.055639
-0.0365594
0.0272903
0.0366239
