0.74774
0.729245
0.697925
0.66618
0.631468
0.596919
0.562521
0.524517
0.478789
0.423191
0.358461
0.289376
0.218537
0.150366
0.0845734
0.0239391
-0.037857
-0.0971001
-0.15001
-0.202196
-0.247558
-0.282392
-0.317514
-0.356257
-0.385861
-0.407137
-0.421743
-0.428781
-0.425241
-0.412713
-0.398587
-0.386017
-0.374407
-0.359209
-0.339587
-0.314437
-0.281188
-0.243328
-0.20623
-0.167243
-0.131756
-0.103442
-0.0738873
-0.0436448
-0.0157366
0.0113896
0.0393129
0.0655335
0.0875139
0.105954
0.122317
0.135658
0.142976
0.145076
0.144497
0.142721
0.136794
0.130843
0.126373
0.118605
0.10883
0.0961588
0.0782325
0.057045
0.0374868
0.0180784
-0.000162777
-0.015185
-0.0268076
-0.0385205
-0.052684
-0.0673879
-0.0811011
-0.0921253
-0.10232
-0.109368
-0.112051
-0.112228
-0.111944
-0.108128
-0.102855
-0.0983864
-0.0913001
-0.0832142
-0.0745395
-0.0648252
-0.0535202
-0.0425198
-0.0296461
-0.0132724
0.00420927
0.0188008
0.0303656
0.0398438
0.0488247
0.0583017
0.0662072
0.0764395
0.0883091
0.0973124
0.103019
0.105606
0.104199
0.101637
0.0989453
0.0955491
0.0923204
0.0882124
0.0821726
0.0724561
0.0614087
0.0507782
0.0394008
0.0274738
0.0145945
0.000939058
-0.0120677
-0.0260457
-0.0402004
-0.0509166
-0.0600326
-0.0689297
-0.0776588
-0.0871914
-0.0968085
-0.105503
-0.111723
-0.114767
-0.114137
-0.110187
-0.106355
-0.103341
-0.0993997
-0.0954965
-0.0891128
-0.0795497
-0.0688569
-0.0554443
-0.0410857
-0.0281097
-0.0154929
-0.00264447
0.0108282
0.0239876
0.0365
0.048876
0.0596864
0.0691862
0.0776392
0.0847201
0.0911961
0.0953059
0.0965751
0.0961798
0.0930791
0.0874138
0.0810135
0.0730467
0.0631423
0.0517691
0.037995
0.0213905
0.00264906
-0.0162717
-0.0350434
-0.0550907
-0.0757007
-0.0964757
-0.118177
-0.14022
-0.161812
-0.181045
-0.198039
-0.214846
-0.229353
-0.241739
-0.253298
-0.262662
-0.268489
-0.269877
-0.267473
-0.261758
-0.25302
-0.243023
-0.230341
-0.211863
-0.189214
-0.162993
-0.133756
-0.101766
-0.0678672
-0.0343591
0.00046562
0.0392243
0.0799111
0.121134
0.163981
0.20525
0.241494
0.272953
0.303384
0.333425
0.361986
0.389622
0.413112
0.428795
0.437795
0.44113
0.43859
0.431288
0.420381
0.408686
0.393992
0.372591
0.346846
0.317896
0.284562
0.247277
0.210563
0.175049
0.137058
0.0987291
0.0621419
0.0247251
-0.0111998
-0.0439713
-0.0752053
-0.104729
-0.13338
-0.159273
-0.181678
-0.201969
-0.217496
-0.227519
-0.234478
-0.240355
-0.244026
-0.244299
-0.243313
-0.240976
-0.233309
-0.222304
-0.210204
-0.195143
-0.1791
-0.163541
-0.147548
-0.130663
-0.112597
-0.0941686
-0.0760586
-0.0576261
-0.0403574
-0.024764
-0.00894306
0.0067147
0.0209813
0.0325833
0.0432066
0.0528426
0.0590666
0.0638867
0.0689385
0.071808
0.0737445
0.0756632
0.0754086
0.0727765
0.0671802
0.0615048
0.0562447
0.0498201
0.0431879
0.0362116
0.028761
0.0214347
0.0136651
0.00612847
-0.00217478
-0.0101982
-0.0147732
-0.02022
-0.0270219
-0.0322473
-0.0364056
-0.0399944
-0.0420334
-0.0417217
-0.0402395
-0.0401795
-0.040593
-0.0394792
-0.03794
-0.0362436
-0.0336713
-0.0283507
-0.0205967
-0.0140917
-0.00922886
-0.00528071
