0.000912151
0.000848313
0.000720129
0.000597962
0.000514749
0.000468346
0.000424444
0.000362919
0.000293555
0.000237687
0.000204917
0.000178964
0.000133901
6.79297e-05
6.73812e-06
-1.84011e-05
9.00589e-07
4.05796e-05
6.05509e-05
4.01288e-05
-1.01812e-05
-5.97155e-05
-7.86362e-05
-6.82687e-05
-5.52386e-05
-5.7701e-05
-7.62017e-05
-9.99393e-05
-0.000120835
-0.00013718
-0.000160446
-0.000198823
-0.000237373
-0.000253353
-0.000236853
-0.000199106
-0.000165851
-0.000157372
-0.000178441
-0.000215409
-0.00024213
-0.000245392
-0.000229586
-0.000207431
-0.000187692
-0.000167386
-0.000144782
-0.000126038
-0.000119274
-0.000130507
-0.000159752
-0.000188243
-0.000196305
-0.000177772
-0.000140497
-0.000108583
-9.57577e-05
-0.000101869
-0.00011729
-0.000123513
-0.000114614
-0.000105019
-0.000102694
-0.000108535
-0.000116617
-0.000118105
-0.00012129
-0.000137755
-0.00016793
-0.000201154
-0.00021981
-0.000215711
-0.000194794
-0.000170783
-0.000152702
-0.000140836
-0.000129437
-0.0001139
-9.42396e-05
-6.60643e-05
-3.10931e-05
7.58562e-06
4.71901e-05
8.52728e-05
0.000115307
0.000129721
0.000127492
0.000110895
8.80109e-05
7.05449e-05
6.64061e-05
7.61924e-05
9.01408e-05
9.62289e-05
9.03271e-05
7.48355e-05
5.84554e-05
5.16614e-05
5.60479e-05
6.73737e-05
8.42679e-05
0.000103293
0.000128373
0.000157508
0.000175996
0.000173393
0.000155246
0.000137835
0.000135403
0.000148677
0.000166906
0.000177807
0.000170959
0.000150229
0.000129255
0.00011372
0.000103097
9.6296e-05
8.99108e-05
8.78796e-05
9.35793e-05
0.00010421
0.000113136
0.000109361
9.02489e-05
7.1683e-05
6.83898e-05
8.12123e-05
0.000102316
0.000120568
0.000130817
0.000133182
0.000127795
0.000116343
9.70792e-05
7.30837e-05
5.32363e-05
4.36967e-05
4.64618e-05
5.36116e-05
6.16321e-05
6.58268e-05
6.16889e-05
4.91701e-05
3.1651e-05
1.60141e-05
8.03545e-06
6.38794e-06
7.37794e-06
5.31506e-06
-7.48876e-06
-2.83225e-05
-4.90202e-05
-6.4346e-05
-7.4314e-05
-8.15475e-05
-8.61017e-05
-8.63187e-05
-8.75788e-05
-9.36231e-05
-0.000106648
-0.000130095
-0.000158857
-0.000178841
-0.000180795
-0.000161051
-0.000129608
-0.000101431
-8.43024e-05
-8.07149e-05
-8.3915e-05
-8.93828e-05
-9.51011e-05
-0.000100588
-0.000106587
-0.000111631
-0.000114308
-0.000115337
-0.000119851
-0.000130018
-0.000147671
-0.000171526
-0.000190176
-0.000194962
-0.00019103
-0.000183087
-0.000177475
-0.000177152
-0.00017651
-0.000171337
-0.000159591
-0.000148613
-0.000141663
-0.000135229
-0.000126053
-0.000109128
-9.06372e-05
-7.93347e-05
-7.8612e-05
-8.48435e-05
-8.63438e-05
-7.4775e-05
-5.0013e-05
-1.76104e-05
7.84174e-06
2.24123e-05
3.20151e-05
4.12092e-05
5.14211e-05
5.90105e-05
6.02026e-05
5.75073e-05
6.46841e-05
8.93446e-05
0.000122456
0.000149602
0.000157774
0.000148911
0.000135658
0.000133117
0.000144304
0.00015663
0.000158627
0.000150133
0.000141885
0.000145789
0.000160555
0.000171888
0.000175897
0.000178575
0.000190799
0.0002166
0.000247
0.000267371
0.000268611
0.000255026
0.000241779
0.000234662
0.000226714
0.000212237
0.000190231
0.00016183
0.000135685
0.000111942
8.46488e-05
5.36665e-05
1.94479e-05
-1.50371e-05
-3.98085e-05
-5.00865e-05
-5.0568e-05
-4.78039e-05
-4.86635e-05
-5.66589e-05
-6.87791e-05
-7.74236e-05
-7.95852e-05
-7.82907e-05
-7.94567e-05
-8.46703e-05
-9.07937e-05
-9.69004e-05
-0.000104456
-0.000112561
-0.000123718
-0.000137099
-0.000146009
-0.000144592
-0.000132958
-0.00011357
-9.65614e-05
-9.00161e-05
-8.98838e-05
-9.06521e-05
-8.38274e-05
-6.89654e-05
-5.25136e-05
-4.11663e-05
-3.70964e-05
-3.58326e-05
-3.19993e-05
-2.91374e-05
-3.15299e-05
-4.01642e-05
-5.08875e-05
-5.6101e-05
-4.75869e-05
-2.85767e-05
-1.17077e-05
-5.76861e-06
-9.33371e-06
-1.46078e-05
-1.37007e-05
-5.7919e-06
3.70108e-06
9.00496e-06
1.10343e-05
1.626e-05
2.61711e-05
3.51006e-05
