0.0193489
0.0127317
0.00402287
-0.00136797
-0.0022465
0.00160855
0.00374351
0.00339824
0.00208213
0.0026
0.00438129
0.00555832
0.00448901
0.00141626
-0.000878889
-0.000746687
0.00138568
0.00265871
0.00207268
-0.000450469
-0.0028967
-0.0028127
-0.000203834
0.00336238
0.00440797
0.00264663
-0.000951345
-0.00318782
-0.00244962
-0.000881532
-0.000187229
-0.00103593
-0.00167842
-0.0012089
0.000770786
0.00271054
0.00228407
0.00055471
-0.00125609
-0.00180901
-0.000591727
0.000524421
7.39265e-05
-0.00181798
-0.00358498
-0.0035973
-0.00124316
0.00149385
0.00224609
0.000316939
-0.0024224
-0.00383793
-0.00314295
-0.000919725
-0.000357548
-0.00149427
-0.00293385
-0.00313774
-0.00143455
-0.000125049
-0.000381148
-0.00210438
-0.00322332
-0.00237597
-0.000838873
-0.000239936
-0.00143714
-0.00332553
-0.00466057
-0.00349218
-0.000459132
0.00152645
0.00181609
0.000217093
-0.00198489
-0.00297157
-0.00232792
-0.00131608
-0.000466104
-0.000159097
-0.000181179
0.000236882
0.000632329
0.000858279
1.61137e-05
-0.000976492
-0.00123199
-0.000203008
0.00159371
0.00203954
0.00123848
-0.000475119
-0.00131659
-0.000483826
0.000907245
0.0020391
0.00168025
0.000925153
0.000292378
0.000251433
0.00104027
0.00141236
0.00136033
0.00130208
0.00138704
0.00169588
0.00169054
0.00123067
0.00072951
0.000485826
0.000854384
0.00149688
0.00213928
0.00249558
0.00216759
0.00140501
0.000760351
0.000516644
0.000674836
0.00100585
0.00138453
0.00140381
0.000881222
-4.95538e-05
-0.000920502
-0.000506992
0.000614752
0.00119009
0.00130053
0.000542342
-0.000604405
-0.00090716
-0.00104725
-0.000903219
-0.000817517
-0.000684923
0.000419084
0.00141199
0.00132943
0.000187336
-0.00118344
-0.00158161
-0.000624031
0.000760321
0.00116789
0.00038887
-0.000772875
-0.00150601
-0.00130054
-0.0005029
0.000587102
0.00121456
0.00110935
0.000490694
-0.000261066
-0.00115255
-0.00187565
-0.00224167
-0.00257904
-0.00196715
-0.000549469
0.000524793
0.000584042
-0.000277115
-0.00156328
-0.00244397
-0.00258262
-0.00240465
-0.00187883
-0.00155179
-0.00141165
-0.00101306
-0.000753332
-0.000337181
4.23342e-05
6.55344e-05
-0.000370127
-0.00123463
-0.00195887
-0.00205688
-0.00139073
-0.000622055
-0.000237023
5.20777e-05
0.000595453
0.000817041
0.00061147
-0.0003332
-0.00140222
-0.00132541
-0.000566064
0.000301479
0.000663676
0.000218248
-0.000523774
-0.000602662
-0.000233134
7.70213e-05
0.000350078
0.000439767
0.000779353
0.000750008
0.000225506
-0.000269644
-0.00100632
-0.000983153
-0.000227982
0.000666279
0.00187848
0.00293508
0.00270491
0.00125093
-0.000390197
-0.0012141
-0.000515395
0.00088162
0.00162255
0.001295
0.000738978
0.000580532
0.00065862
0.000812597
0.000646004
0.000563731
0.000861885
0.000778953
0.000851416
0.000284495
-0.000712546
-0.000916236
-0.000566536
0.000487092
0.00132854
0.00139407
0.00109298
0.000386638
-0.000490672
-0.000707028
-0.000452613
-0.000385742
-0.00048144
-0.000265242
0.000495586
0.00148233
0.00211738
0.00159275
0.000566987
0.000139758
-0.000162353
-9.21842e-05
8.92542e-05
-0.000207518
-0.000420801
-0.00020971
0.000408662
0.00099745
0.00104147
0.000601793
3.03015e-05
-0.00050706
-0.000757056
-0.000723341
-0.000524665
-0.000598271
-0.000968884
-0.00108625
-0.00074874
-0.000150971
0.000196679
-3.77828e-05
-0.000519245
-0.00121885
-0.00160472
-0.00160818
-0.00182541
-0.00213736
-0.00221508
-0.00161228
-0.000420568
0.000715164
0.000824888
-0.000139508
-0.00117214
-0.0016815
-0.00147003
-0.00076161
-6.90073e-05
0.000296662
0.000429362
0.000594098
0.000686912
0.000684395
0.000599073
0.000569793
0.0005793
0.000698888
0.000945571
0.0010842
0.000925956
0.00014451
