3.39395
3.25
2.8882
2.39166
1.83065
1.26941
0.752199
0.302552
-0.0625043
-0.320136
-0.504459
-0.645106
-0.758243
-0.853358
-0.936473
-1.01638
-1.10739
-1.21447
-1.2903
-1.29626
-1.20054
-0.988075
-0.677654
-0.304477
0.092286
0.475959
0.794413
1.01724
1.13047
1.14007
1.06846
0.942808
0.788415
0.618769
0.455738
0.309235
0.189189
0.0946995
0.00885484
-0.0840475
-0.200697
-0.340438
-0.501066
-0.672377
-0.833484
-0.962814
-1.03965
-1.04985
-0.984903
-0.858286
-0.689322
-0.497772
-0.310659
-0.152737
-0.0384011
0.0319914
0.0599574
0.062056
0.057706
0.0566912
0.0686202
0.0949035
0.129889
0.161664
0.178751
0.163839
0.103861
-0.00266476
-0.157314
-0.350621
-0.563635
-0.772284
-0.950077
-1.06895
-1.11383
-1.08878
-1.00101
-0.870191
-0.719129
-0.565941
-0.42531
-0.309287
-0.218256
-0.13501
-0.0472739
0.0592201
0.192175
0.347836
0.5181
0.692675
0.855249
0.977608
1.03805
1.0149
0.900769
0.706695
0.450122
0.153684
-0.158616
-0.450507
-0.693747
-0.865784
-0.960508
-0.997094
-0.994522
-0.969832
-0.93153
-0.889977
-0.846925
-0.80242
-0.744402
-0.641047
-0.473765
-0.2342
0.0705
0.430642
0.829173
1.24864
1.65709
1.99831
2.23192
2.33528
2.30821
2.16337
1.92824
1.62553
1.28427
0.94739
0.640286
0.378061
0.153071
-0.043493
-0.222201
-0.383398
-0.527169
-0.662315
-0.784649
-0.891669
-0.96596
-0.992788
-0.962704
-0.875035
-0.732589
-0.538422
-0.30748
-0.0550838
0.189281
0.398896
0.556871
0.655272
0.697911
0.692082
0.652445
0.592544
0.528195
0.467788
0.411003
0.356169
0.292794
0.214797
0.120775
0.010545
-0.117908
-0.257811
-0.398358
-0.532792
-0.644192
-0.721219
-0.757423
-0.74743
-0.689669
-0.59519
-0.48166
-0.362571
-0.258914
-0.177144
-0.115723
-0.0742069
-0.048584
-0.0293519
-0.00592282
0.023506
0.067262
0.117676
0.159308
0.184401
0.185273
0.153857
0.0850994
-0.0144315
-0.144693
-0.292371
-0.439967
-0.575459
-0.684545
-0.757733
-0.788868
-0.782876
-0.738668
-0.667493
-0.584965
-0.497942
-0.413312
-0.330446
-0.246348
-0.152752
-0.050505
0.0623384
0.186289
0.315844
0.447013
0.566825
0.662771
0.719135
0.728972
0.688013
0.596584
0.461686
0.29074
0.10117
-0.0908462
-0.266301
-0.416772
-0.539796
-0.633727
-0.700663
-0.742658
-0.764889
-0.767172
-0.755685
-0.727141
-0.671057
-0.583296
-0.460566
-0.300229
-0.0975042
0.140036
0.406931
0.687925
0.95416
1.18599
1.36492
1.48016
1.52757
1.5128
1.44067
1.32059
1.16719
0.983118
0.781307
0.577929
0.382272
0.195304
0.0240313
-0.129984
-0.27463
-0.403082
-0.51406
-0.607505
-0.677623
-0.710276
-0.70306
-0.658893
-0.57664
-0.467305
-0.337928
-0.194001
-0.0436246
0.0976612
0.223029
0.325628
0.39684
0.440911
0.459349
0.455477
0.434625
0.406263
0.372928
0.334505
0.293992
0.246302
0.187168
0.116369
0.0353941
-0.0540488
-0.147931
-0.242876
-0.334303
-0.412148
-0.467446
-0.495196
-0.493177
-0.464722
-0.414911
-0.350197
-0.277475
-0.205026
-0.140352
-0.0858276
-0.0433965
