1.80607
1.7675
1.6722
1.54741
1.41716
1.2968
1.19277
1.10434
1.02325
0.937929
0.834774
0.70196
0.53907
0.356835
0.167435
-0.0208077
-0.202158
-0.366488
-0.502346
-0.604867
-0.676724
-0.727499
-0.771485
-0.820743
-0.879323
-0.945435
-1.01393
-1.07313
-1.10504
-1.09521
-1.04277
-0.956422
-0.850625
-0.7419
-0.640881
-0.552549
-0.477387
-0.411516
-0.347347
-0.274107
-0.185835
-0.0837207
0.0278804
0.143572
0.257792
0.362248
0.447537
0.506517
0.535534
0.539468
0.529572
0.515956
0.505849
0.503706
0.509909
0.518668
0.517614
0.493799
0.441495
0.362559
0.266896
0.166597
0.0707472
-0.0143606
-0.0849134
-0.139363
-0.181248
-0.218566
-0.257138
-0.29997
-0.347737
-0.398366
-0.449271
-0.496002
-0.531405
-0.545995
-0.532032
-0.491017
-0.431186
-0.362374
-0.293924
-0.231754
-0.179629
-0.137463
-0.0998313
-0.0589696
-0.00768499
0.0576395
0.133854
0.21411
0.292739
0.365087
0.425539
0.46767
0.489157
0.492497
0.481928
0.463122
0.441232
0.418932
0.397661
0.377003
0.353482
0.319771
0.268172
0.196155
0.106188
0.00395073
-0.102814
-0.206745
-0.30126
-0.38259
-0.45178
-0.511773
-0.568085
-0.626488
-0.688348
-0.751919
-0.813849
-0.869693
-0.913177
-0.937718
-0.94033
-0.920992
-0.882265
-0.829025
-0.766207
-0.698142
-0.628279
-0.558225
-0.486934
-0.409635
-0.320444
-0.217887
-0.10304
0.0222758
0.154309
0.288168
0.416971
0.533579
0.63389
0.716956
0.786277
0.847195
0.903339
0.95752
1.01088
1.0631
1.10872
1.13752
1.14193
1.11721
1.06401
0.989539
0.902112
0.810041
0.718175
0.630168
0.547227
0.464816
0.377946
0.283653
0.180922
0.0713671
-0.041257
-0.152923
-0.258971
-0.352966
-0.429341
-0.485504
-0.523063
-0.547809
-0.566636
-0.585115
-0.60627
-0.629271
-0.648695
-0.656638
-0.646965
-0.616938
-0.567834
-0.505683
-0.437524
-0.368929
-0.303564
-0.2429
-0.186679
-0.132511
-0.0780167
-0.022258
0.0351662
0.0940969
0.154099
0.214105
0.271212
0.321185
0.359073
0.381191
0.387173
0.379839
0.363611
0.343617
0.325836
0.313744
0.305202
0.294394
0.275138
0.242628
0.196362
0.140967
0.0821697
0.0250246
-0.0268993
-0.0712209
-0.107426
-0.137614
-0.164279
-0.188967
-0.211155
-0.230207
-0.246336
-0.260736
-0.275057
-0.288437
-0.296578
-0.294181
-0.278547
-0.250052
-0.211098
-0.166285
-0.121982
-0.0834147
-0.0529585
-0.0291782
-0.00706837
0.0192667
0.0524326
0.0900166
0.127864
0.162004
0.190176
0.211105
0.223923
0.229379
0.228373
0.221521
0.209075
0.190647
0.166369
0.138178
0.109262
0.080788
0.0515424
0.0191028
-0.0190524
-0.0641753
-0.115173
-0.169086
-0.222027
-0.270489
-0.31179
-0.344792
-0.371492
-0.395356
-0.418394
-0.440033
-0.458457
-0.4716
-0.478121
-0.477749
-0.470834
-0.457562
-0.437652
-0.411173
-0.378463
-0.338824
-0.291226
-0.237685
-0.181977
-0.126883
-0.0734061
-0.0210597
0.0324648
0.0892084
0.148362
0.208589
0.267554
0.323693
0.374276
0.416424
0.450242
0.477888
0.502075
0.523
0.539255
0.548378
0.549604
0.543149
0.530177
0.511594
