0.731369
0.713982
0.673235
0.618904
0.557811
0.496012
0.435713
0.382359
0.337222
0.298263
0.260487
0.21734
0.16817
0.113797
0.0554827
-0.00562102
-0.0668158
-0.121923
-0.165341
-0.193695
-0.205786
-0.203846
-0.191636
-0.17226
-0.151204
-0.1335
-0.121085
-0.113928
-0.109183
-0.103554
-0.0945658
-0.080956
-0.0617336
-0.0371713
-0.0099949
0.0159485
0.0369792
0.0519434
0.0594946
0.0588039
0.0504354
0.0355906
0.0180229
0.000812808
-0.0136863
-0.025288
-0.034638
-0.0413645
-0.0483205
-0.0583126
-0.0734221
-0.0945616
-0.118904
-0.143714
-0.166643
-0.185453
-0.198167
-0.20246
-0.198553
-0.188714
-0.176214
-0.164306
-0.15413
-0.146596
-0.141855
-0.139153
-0.13649
-0.129388
-0.114539
-0.0912433
-0.0605167
-0.0245519
0.0134279
0.0492913
0.0795621
0.101788
0.115635
0.123051
0.126273
0.127398
0.128734
0.132466
0.139369
0.14804
0.155678
0.159987
0.159605
0.152958
0.138037
0.114749
0.0861548
0.0568458
0.0309797
0.00982968
-0.00690959
-0.0194968
-0.0283312
-0.0347962
-0.0427962
-0.0554078
-0.0724299
-0.0914844
-0.109854
-0.126941
-0.142483
-0.154956
-0.162019
-0.162336
-0.157822
-0.151794
-0.14635
-0.141391
-0.136614
-0.133029
-0.131502
-0.131068
-0.128687
-0.121712
-0.1095
-0.0937246
-0.0765691
-0.0591457
-0.0428447
-0.0300249
-0.0231136
-0.0224754
-0.0263394
-0.0324378
-0.0391083
-0.0457427
-0.0515701
-0.0554084
-0.0570502
-0.0580422
-0.0606744
-0.0668378
-0.0774378
-0.0924756
-0.11176
-0.133833
-0.155605
-0.173439
-0.184627
-0.188441
-0.185019
-0.175099
-0.159607
-0.140549
-0.12036
-0.10015
-0.0804956
-0.0603196
-0.0389381
-0.0160979
0.0098406
0.0402546
0.0763726
0.117206
0.160057
0.202533
0.241517
0.274607
0.29991
0.315773
0.322534
0.321779
0.316294
0.308564
0.299109
0.289111
0.279052
0.268588
0.257441
0.243831
0.226937
0.20669
0.182869
0.156139
0.127295
0.0980603
0.0705932
0.0466973
0.0274297
0.0128249
0.00261344
-0.00404516
-0.0087611
-0.0132335
-0.0182104
-0.0236015
-0.0284827
-0.0321353
-0.0343525
-0.0344432
-0.0317767
-0.0258809
-0.017194
-0.00750302
0.00196449
0.0106702
0.0185691
0.0251462
0.0290666
0.0301224
0.0296316
0.0291147
0.0296052
0.0303824
0.0303833
0.0297833
0.0286378
0.0264176
0.0217483
0.0135393
0.00298773
-0.00821647
-0.01869
-0.0283949
-0.0378721
-0.0462969
-0.0532531
-0.058806
-0.0636312
-0.0688506
-0.0744113
-0.0798064
-0.0846216
-0.0885643
-0.0916806
-0.0931187
-0.0919921
-0.088218
-0.0824631
-0.0759755
-0.0692148
-0.0623641
-0.0557755
-0.0491581
-0.0424776
-0.0361032
-0.0298077
-0.0234341
-0.0174819
-0.0124811
-0.00827667
-0.00465418
-0.00136596
0.00207756
0.00553186
0.0085133
0.0105605
0.0117156
0.0120693
0.0112737
0.00973977
0.00781148
0.00566877
0.00364854
0.0012433
-0.00147359
-0.00429127
-0.00695714
-0.00923957
-0.0117665
-0.0140413
-0.0160894
-0.0184244
-0.0212479
-0.0249966
-0.0287726
-0.0315475
-0.0330473
-0.0336962
-0.0346891
-0.0362536
-0.0377982
-0.0395445
-0.0414912
-0.0427838
-0.0430241
-0.0424594
-0.0411444
-0.038943
-0.0361519
-0.0334961
-0.0314008
-0.0306626
-0.0308913
-0.0308376
-0.0302035
-0.0292955
-0.0281185
-0.0267596
-0.0251884
-0.0233598
-0.0218283
-0.0205411
-0.0199786
-0.0201201
-0.020616
