0.000274729
0.000256604
0.000227736
0.000198925
0.000173582
0.000155097
0.00013536
0.000113365
9.22354e-05
7.72038e-05
6.92252e-05
6.31316e-05
5.34775e-05
3.97796e-05
2.49892e-05
1.57217e-05
1.31596e-05
1.43033e-05
1.31689e-05
5.85336e-06
-3.60142e-06
-1.0577e-05
-1.22981e-05
-9.62242e-06
-1.02324e-05
-1.67741e-05
-2.72999e-05
-3.92888e-05
-4.97941e-05
-5.85346e-05
-6.66408e-05
-7.55079e-05
-8.23019e-05
-8.4281e-05
-7.97892e-05
-7.1032e-05
-6.13676e-05
-5.60693e-05
-5.50132e-05
-5.56074e-05
-5.49238e-05
-4.99887e-05
-4.35412e-05
-3.81786e-05
-3.52683e-05
-3.34196e-05
-3.02205e-05
-2.68137e-05
-2.59876e-05
-3.07616e-05
-3.96045e-05
-4.75859e-05
-5.22351e-05
-5.15329e-05
-4.67608e-05
-4.19021e-05
-3.55039e-05
-2.68426e-05
-1.58055e-05
-2.80328e-07
1.61808e-05
2.95257e-05
3.86285e-05
4.45442e-05
4.9253e-05
5.27594e-05
5.36898e-05
5.13e-05
4.55901e-05
3.83584e-05
3.2844e-05
2.84715e-05
2.40542e-05
1.78907e-05
1.05985e-05
3.4906e-06
-2.03028e-06
-4.10527e-06
-4.52809e-06
-3.39374e-06
-1.84309e-06
-1.68476e-06
-7.10599e-07
2.39816e-06
5.47618e-06
5.90086e-06
4.26453e-06
-7.45058e-09
-5.38956e-06
-8.20681e-06
-1.09514e-05
-1.37175e-05
-1.58334e-05
-1.92709e-05
-2.26907e-05
-2.55881e-05
-2.96272e-05
-3.36282e-05
-3.62433e-05
-3.8825e-05
-3.87169e-05
-3.49116e-05
-2.81688e-05
-1.94479e-05
-1.02064e-05
-1.76206e-06
4.35114e-06
1.17188e-05
1.93994e-05
2.58749e-05
3.07271e-05
3.19304e-05
3.05325e-05
2.78708e-05
2.30344e-05
1.96891e-05
1.748e-05
1.48294e-05
1.35116e-05
1.25468e-05
1.173e-05
1.17682e-05
1.2002e-05
1.16834e-05
1.07801e-05
1.15093e-05
1.50679e-05
2.03717e-05
2.7799e-05
3.34382e-05
3.57321e-05
3.53875e-05
3.17227e-05
2.85907e-05
2.71006e-05
2.544e-05
2.44239e-05
2.37878e-05
2.31406e-05
2.46502e-05
2.76882e-05
2.89483e-05
2.74582e-05
2.30623e-05
1.69622e-05
1.1472e-05
8.245e-06
6.44289e-06
3.25125e-06
-1.36532e-06
-6.58818e-06
-1.13016e-05
-1.36597e-05
-1.53147e-05
-1.77231e-05
-2.21021e-05
-2.83532e-05
-3.50066e-05
-4.16711e-05
-4.82677e-05
-5.54863e-05
-6.33607e-05
-6.99963e-05
-7.14995e-05
-6.77286e-05
-6.00964e-05
-5.06332e-05
-4.35878e-05
-3.89777e-05
-3.52347e-05
-3.12822e-05
-2.75234e-05
-2.31601e-05
-1.9813e-05
-1.80788e-05
-1.53473e-05
-1.19042e-05
-8.06246e-06
-5.11017e-06
-4.66686e-06
-7.63498e-06
-1.14851e-05
-1.413e-05
-1.40937e-05
-1.35945e-05
-1.36904e-05
-1.46748e-05
-1.51638e-05
-1.22758e-05
-7.97305e-06
-2.34507e-06
1.30571e-06
2.40933e-06
4.2133e-06
6.80517e-06
1.01617e-05
1.33766e-05
1.43312e-05
1.2761e-05
1.18911e-05
1.10706e-05
1.18231e-05
1.3792e-05
1.4239e-05
1.31195e-05
1.01691e-05
7.42078e-06
6.49132e-06
6.9933e-06
7.19912e-06
6.99889e-06
7.16373e-06
8.69576e-06
1.2924e-05
1.82446e-05
2.18162e-05
2.14558e-05
1.90279e-05
1.66185e-05
1.36765e-05
1.31736e-05
1.09598e-05
6.37583e-06
1.91294e-06
-2.54065e-06
-4.90434e-06
-4.54672e-06
-4.78514e-06
-7.39656e-06
-1.08732e-05
-1.375e-05
-1.35107e-05
-1.21817e-05
-1.08629e-05
-1.09673e-05
-1.25095e-05
-1.35219e-05
-1.36876e-05
-1.24155e-05
-1.21677e-05
-1.36001e-05
-1.59321e-05
-1.78171e-05
-1.82148e-05
-1.75415e-05
-1.7331e-05
-1.85641e-05
-2.14549e-05
-2.4531e-05
-2.54549e-05
-2.39555e-05
-2.0843e-05
-1.77892e-05
-1.63717e-05
-1.59731e-05
-1.45938e-05
-1.16192e-05
-8.72556e-06
-6.68038e-06
-5.79096e-06
-6.42706e-06
-5.86826e-06
-4.67151e-06
-4.80283e-06
-7.60704e-06
-1.43098e-05
-2.29469e-05
-3.0457e-05
-3.4743e-05
-3.65963e-05
-3.79998e-05
-4.08171e-05
-4.48916e-05
-4.67598e-05
-4.50863e-05
-4.17652e-05
-3.78042e-05
-3.46983e-05
-3.14498e-05
-2.64859e-05
-1.85315e-05
-9.19122e-06
-1.58139e-06
4.10993e-06
7.91904e-06
1.18846e-05
1.74725e-05
2.31303e-05
2.71397e-05
2.74293e-05
2.4966e-05
2.35857e-05
2.37282e-05
2.46791e-05
2.54614e-05
2.47136e-05
2.33063e-05
2.33743e-05
2.56356e-05
2.69264e-05
