0.000596767
-6.94357e-05
-0.000175299
0.000323897
-1.46683e-06
-6.97672e-05
0.000253621
9.19495e-06
-5.52945e-05
0.000242908
2.09548e-06
1.67834e-05
9.19653e-05
-4.75384e-05
8.08127e-05
7.79517e-05
-4.56702e-05
6.81141e-05
4.47053e-05
-8.18577e-05
0.000104602
4.48236e-05
-0.000115076
2.99802e-05
3.23169e-05
-5.31031e-05
2.10125e-05
-2.63005e-06
-4.94961e-05
1.93492e-05
-2.37077e-05
-4.02648e-05
4.27477e-06
-3.80883e-05
-4.56478e-05
-1.64658e-06
-3.49199e-05
-4.55119e-05
-1.00331e-05
-2.07005e-05
-2.94605e-05
-3.49749e-05
-2.8532e-05
-2.61934e-05
-2.61115e-05
-1.97636e-05
-1.37389e-05
-2.3636e-05
-2.93562e-05
-2.34554e-05
-2.24523e-05
-1.60392e-05
-1.94618e-05
-1.83238e-05
-1.21854e-05
-7.33044e-06
-9.94187e-06
-1.18604e-05
-1.07428e-05
-7.55023e-06
-5.4799e-06
-3.33972e-06
1.92132e-06
7.19912e-07
1.07847e-06
3.33134e-06
3.27639e-06
-1.22003e-07
4.78141e-06
1.24704e-05
9.62988e-06
1.14497e-05
1.3181e-05
9.79193e-06
8.08667e-06
9.23686e-06
1.43386e-05
1.21072e-05
9.48459e-06
1.15614e-05
9.47434e-06
1.10511e-05
1.3764e-05
7.72811e-06
5.46221e-06
1.135e-05
9.81614e-06
6.64126e-06
6.27339e-06
3.7225e-06
7.25035e-06
6.76233e-06
4.27477e-07
3.3183e-06
2.02749e-06
-9.52743e-07
2.75858e-06
-3.80632e-06
-8.88295e-06
-5.46686e-07
1.04029e-06
-2.51923e-06
-2.09734e-06
-8.21985e-06
-1.09924e-05
-9.06363e-06
-1.47391e-05
-1.63764e-05
-7.38818e-06
-5.9586e-06
-1.06338e-05
-9.84687e-06
-1.73682e-05
-2.03317e-05
-1.25943e-05
-1.51452e-05
-1.8131e-05
-1.46534e-05
-1.72621e-05
-2.10442e-05
-1.8172e-05
-2.26833e-05
-2.37329e-05
-1.67983e-05
-2.59923e-05
-2.60333e-05
-1.98735e-05
-2.65203e-05
-3.03732e-05
-2.56542e-05
-2.56505e-05
-3.01497e-05
-2.87304e-05
-3.18736e-05
-2.98275e-05
-3.01506e-05
-3.20924e-05
-3.24054e-05
-3.45577e-05
-2.61795e-05
-2.42395e-05
-2.87658e-05
-2.94857e-05
-2.47173e-05
-2.50228e-05
-3.00258e-05
-1.91396e-05
-1.75461e-05
-2.30102e-05
-1.51703e-05
-1.21547e-05
-1.56537e-05
-1.02818e-05
-3.74671e-06
-5.76302e-06
-7.50646e-07
4.35673e-06
2.23238e-06
5.83753e-06
6.8862e-06
1.24546e-05
1.53054e-05
1.24704e-05
1.69985e-05
1.86581e-05
2.21143e-05
2.58731e-05
2.77264e-05
2.22987e-05
2.72943e-05
3.33609e-05
2.63369e-05
3.25404e-05
3.62573e-05
2.95509e-05
2.746e-05
3.69605e-05
3.21036e-05
2.84212e-05
3.70024e-05
3.01385e-05
2.90638e-05
3.54312e-05
2.71853e-05
2.3569e-05
3.11341e-05
2.47611e-05
2.39443e-05
2.70894e-05
1.86469e-05
1.88341e-05
2.30866e-05
1.35712e-05
1.16965e-05
1.35927e-05
8.33068e-06
7.6741e-06
8.18726e-06
5.70901e-06
4.12017e-06
9.32254e-07
-5.25732e-06
-5.30854e-07
-5.88968e-06
-9.61684e-06
-5.90738e-06
-8.83173e-06
-1.12634e-05
-1.15447e-05
-1.06944e-05
-1.72723e-05
-9.84035e-06
-1.22618e-05
-2.10153e-05
-1.39847e-05
-1.22152e-05
-1.35172e-05
-1.35545e-05
-1.18613e-05
-1.56034e-05
-1.04606e-05
-9.75281e-06
-1.36038e-05
-9.1726e-06
-1.02939e-05
-8.79727e-06
-3.99817e-06
-5.76023e-06
-6.29388e-06
-1.30665e-06
-1.01887e-06
-2.29012e-06
1.28523e-07
4.35207e-06
1.95764e-06
5.43427e-06
6.8564e-06
8.37166e-06
8.5244e-06
8.02986e-06
1.12997e-05
1.09812e-05
1.54488e-05
1.46963e-05
1.77054e-05
1.36197e-05
1.34381e-05
1.95438e-05
1.72695e-05
1.69575e-05
1.8537e-05
1.86386e-05
1.70274e-05
2.02907e-05
1.83927e-05
1.67834e-05
1.56546e-05
1.73897e-05
1.39279e-05
1.02008e-05
1.73366e-05
1.51629e-05
1.1025e-05
9.34489e-06
9.55537e-06
4.99934e-06
4.7721e-06
3.892e-06
-4.3679e-07
3.07988e-06
-3.61353e-07
-3.09944e-06
-4.16674e-06
-5.34113e-06
-9.37749e-06
-8.55234e-06
-7.95629e-06
-1.39391e-05
-1.42856e-05
-1.1324e-05
-1.28243e-05
-1.47e-05
-1.31959e-05
-2.02674e-05
-1.9826e-05
-1.50157e-05
-2.00942e-05
-2.18637e-05
-1.7616e-05
-1.78991e-05
-2.266e-05
-2.32235e-05
-2.12584e-05
-1.93296e-05
-2.007e-05
-2.20127e-05
-2.21273e-05
-2.42181e-05
-2.18693e-05
-1.68057e-05
