2.12546
2.07383
1.96994
1.84764
1.71933
1.62041
1.5522
1.4899
1.41031
1.30208
1.1534
0.969276
0.777043
0.58105
0.39317
0.224688
0.0595234
-0.0981417
-0.237496
-0.365222
-0.486449
-0.596144
-0.703051
-0.823644
-0.945564
-1.05413
-1.14819
-1.21155
-1.23208
-1.2244
-1.20451
-1.18177
-1.171
-1.17123
-1.16594
-1.14697
-1.10215
-1.02487
-0.929834
-0.829048
-0.727681
-0.637776
-0.56518
-0.495421
-0.419347
-0.341791
-0.255712
-0.159563
-0.0678611
0.0170514
0.0981072
0.166675
0.220001
0.264567
0.299464
0.326343
0.352565
0.374394
0.393822
0.416571
0.431497
0.431297
0.419893
0.394328
0.352989
0.310248
0.275712
0.242509
0.21735
0.201858
0.179428
0.148777
0.112325
0.0685353
0.024165
-0.00944791
-0.0302199
-0.0398534
-0.0329871
-0.0215101
-0.0134319
-0.00178823
0.00137036
-0.0034715
0.000819499
0.0130288
0.0301136
0.0620636
0.107281
0.150317
0.191916
0.231589
0.257094
0.273281
0.28788
0.300005
0.316569
0.339607
0.361586
0.380488
0.394108
0.389983
0.368665
0.339416
0.298818
0.251461
0.210965
0.172917
0.129738
0.0861072
0.0380415
-0.0246156
-0.0988009
-0.180498
-0.269648
-0.358471
-0.441567
-0.518429
-0.585468
-0.64307
-0.697523
-0.750785
-0.805103
-0.866607
-0.930969
-0.987424
-1.03404
-1.06718
-1.07573
-1.06217
-1.03821
-1.00519
-0.968428
-0.936817
-0.904427
-0.862584
-0.807427
-0.734293
-0.641185
-0.533508
-0.416378
-0.293824
-0.173411
-0.0539557
0.0677125
0.186506
0.304501
0.423787
0.539075
0.648344
0.759088
0.873618
0.981192
1.07942
1.16539
1.23025
1.27457
1.30361
1.32282
1.33654
1.34854
1.35276
1.34111
1.31046
1.25217
1.17435
1.09302
1.00801
0.924353
0.845195
0.761416
0.66502
0.558375
0.445146
0.323309
0.205095
0.0987405
-0.00317357
-0.0987567
-0.188917
-0.278524
-0.363133
-0.441811
-0.514998
-0.579841
-0.63638
-0.68955
-0.737395
-0.772374
-0.797538
-0.812288
-0.809549
-0.797284
-0.784769
-0.769539
-0.753009
-0.737474
-0.715023
-0.679771
-0.633629
-0.578016
-0.517307
-0.457799
-0.402604
-0.35249
-0.306762
-0.260262
-0.208513
-0.15574
-0.102136
-0.0454414
0.00514379
0.0487629
0.0906357
0.127442
0.15677
0.181126
0.203702
0.220593
0.232451
0.244997
0.255193
0.263687
0.270218
0.269584
0.262122
0.247144
0.226452
0.204957
0.186954
0.172824
0.16192
0.157165
0.148388
0.131404
0.114179
0.0955124
0.0764216
0.063171
0.058282
0.057538
0.058759
0.0640075
0.0667748
0.0673268
0.0691565
0.0707366
0.0754018
0.0823276
0.089202
0.097427
0.109675
0.122885
0.133766
0.147303
0.158609
0.162566
0.165256
0.163849
0.156686
0.149813
0.144656
0.138167
0.130374
0.120268
0.102478
0.0781729
0.0494336
0.0162003
-0.0163526
-0.0479757
-0.0823858
-0.118573
-0.157012
-0.201279
-0.249477
-0.293695
-0.332523
-0.367449
-0.397177
-0.427169
-0.463383
-0.503974
-0.544993
-0.582265
-0.609206
-0.62168
-0.621454
-0.613109
-0.604932
-0.602977
-0.603214
-0.600712
-0.591311
-0.567744
-0.52787
-0.478173
-0.424494
-0.367551
-0.310821
