0.00691411
0.00356862
0.000756756
-0.000672694
-0.000859375
0.000972918
0.00124916
0.000604388
-0.000104591
-0.00034024
-4.37815e-06
0.000318531
-0.000250539
-0.00130054
-0.00177493
-0.00149237
-0.000732393
-9.85106e-05
-0.000470197
-0.00108451
-0.00156327
-0.00148487
-0.000727553
0.000130774
0.000569198
0.000230393
-0.000100445
-0.00022909
0.000150077
0.000499179
0.000463173
-5.90235e-05
-0.000405544
-0.000197622
0.00048262
0.0015367
0.00157785
0.000820429
0.000124438
-0.000469311
4.35514e-05
0.000741828
0.000669094
0.000265685
-0.000246709
-0.00032729
0.000215912
0.000514968
7.02934e-05
-0.000683597
-0.00129124
-0.00103935
-0.000117878
0.000199367
6.08349e-05
-0.000459044
-0.000744441
-0.000384497
-0.000117423
0.00012438
-0.000204415
-0.000457249
-0.000212189
-1.09635e-05
0.000519862
0.000520864
-0.000219203
-0.000522259
-0.000515081
3.28263e-05
0.000770012
0.000674755
-6.04587e-05
-0.000665357
-0.000595272
-3.47514e-05
0.000525598
0.000551066
0.000264387
2.86093e-05
-6.36438e-05
1.45379e-05
0.000168812
0.000111814
-0.000156304
-0.000167119
6.44978e-05
0.000331489
0.000330352
9.87826e-05
5.01983e-07
-0.000216182
-0.000110726
0.000317857
0.000504465
0.000349866
-0.000186185
-0.000513061
-0.000331137
0.000263507
0.000621325
0.000348156
-9.65232e-05
-0.000358086
-4.93089e-05
0.000151768
0.000288054
-5.61411e-05
-0.000485325
-0.000699247
-0.000640382
-0.000243937
-0.000128759
0.000220257
-8.94656e-05
-0.000358613
-0.000150427
2.93525e-05
0.00033436
-2.0762e-05
-0.000395729
-0.00019485
0.000391372
0.00103319
0.000779857
0.000183423
-0.000104537
-5.13718e-05
0.00031871
0.000535901
0.00030004
0.000186604
0.000167066
0.000282506
0.00038294
4.29358e-05
-0.000399405
-0.000542979
-0.000481885
-0.000116605
-0.00012635
-0.000122835
-0.00012438
-0.000362117
-0.000341546
-0.00039061
-0.000192591
-0.000181512
2.21347e-05
1.98977e-05
-0.000314688
-0.000283561
-0.000394356
-0.000118057
0.00028422
0.000255417
0.000275501
0.00024538
0.000184632
0.000322397
0.000169721
0.000284237
8.78973e-05
-1.85994e-05
6.16927e-05
0.000317789
0.000231406
-0.000196651
-0.000125456
0.000122383
0.000192754
0.00012434
-0.000393274
-0.000786054
-0.000489229
-0.000293503
-0.000119803
-8.27424e-05
-0.000231064
-0.00025957
3.14927e-05
0.000139325
1.44746e-05
-3.01274e-05
-0.000127649
-0.000115429
2.81585e-05
2.7095e-05
-6.55176e-05
0.00014665
0.000165632
0.000176079
0.00013438
0.000114131
-6.29388e-05
-0.000501481
-0.000724889
-0.000600708
-9.98108e-05
0.000254452
0.00031695
0.000149302
-0.000483167
-0.000610225
-0.000622018
-0.000370675
0.000203489
0.000163114
0.000277197
0.000212772
5.09592e-05
-5.54137e-05
-0.000219786
-2.65101e-05
7.79442e-05
0.000657028
0.000829799
0.000751306
0.000573753
-0.000205084
-0.000333292
-0.000112238
0.000129057
0.00045623
0.00047663
0.000381735
0.000263629
1.6883e-05
-0.000227098
-0.000393284
-0.000528732
-0.000427246
-0.000378874
-0.000164085
-4.14206e-05
1.57058e-05
6.49169e-05
-0.000312015
-0.000410307
-0.000347487
-0.000209308
0.000158599
0.000197585
-2.83457e-05
-0.00011776
-9.01446e-05
7.50795e-05
0.0001961
0.000329187
0.000255436
0.000259789
0.000404214
0.000442542
0.000331786
0.000134854
0.000172356
0.00034117
0.00042793
0.000268442
0.000168812
-6.62152e-05
-0.000109392
6.78683e-05
-8.54051e-05
-0.00017979
-0.000317575
-0.000570077
-0.000423442
-0.000279339
-0.000215623
-1.9908e-05
-0.000149177
-0.000162383
-0.000367561
-0.000471041
-0.000360424
-0.000237595
8.29604e-05
0.000218135
0.000449241
0.000518027
0.000264496
0.000150444
5.74589e-05
0.000126464
0.000318633
0.000291757
0.000224925
0.000176004
3.80129e-05
1.32872e-05
4.75207e-05
0.000178383
0.000287998
0.00027966
0.00011425
-9.26889e-05
-0.000215012
-0.000346554
-0.000522595
