0.23596
0.227683
0.212825
0.203573
0.201084
0.199476
0.192406
0.179738
0.168127
0.160325
0.151195
0.137014
0.119727
0.104756
0.0960096
0.0899779
0.0788291
0.0611959
0.042292
0.027559
0.0174482
0.0080663
-0.00327948
-0.0146297
-0.0225405
-0.0275723
-0.0338125
-0.0435426
-0.0539645
-0.0607398
-0.0629994
-0.0637827
-0.0667392
-0.0720183
-0.0758629
-0.0765357
-0.0757972
-0.0757787
-0.0766011
-0.0759113
-0.0719443
-0.0672498
-0.0656103
-0.066632
-0.0673988
-0.0657669
-0.0620836
-0.059284
-0.0589245
-0.0587175
-0.0563891
-0.0522329
-0.0486906
-0.0479824
-0.0491777
-0.0493494
-0.0474914
-0.0453665
-0.0447764
-0.045994
-0.0472805
-0.0473706
-0.0472461
-0.0480161
-0.0496388
-0.0510236
-0.0506018
-0.0486547
-0.0473559
-0.04792
-0.0501402
-0.0528123
-0.0542665
-0.0543304
-0.0541741
-0.0541474
-0.0542851
-0.054814
-0.055229
-0.055453
-0.0560116
-0.0565569
-0.056501
-0.0557561
-0.0545348
-0.0539079
-0.0549175
-0.0571284
-0.0594922
-0.0610462
-0.0611545
-0.0602863
-0.0593249
-0.0586304
-0.0582768
-0.0580255
-0.0580513
-0.0587717
-0.0594578
-0.0586722
-0.0562125
-0.0532801
-0.0515383
-0.0516851
-0.0522012
-0.0511916
-0.0483926
-0.0445074
-0.0401413
-0.0353495
-0.0301005
-0.0251934
-0.021456
-0.018309
-0.0142251
-0.00813077
-8.23084e-05
0.00857335
0.016254
0.0229507
0.0298135
0.037573
0.0461277
0.0550318
0.0642859
0.0741469
0.0842444
0.093089
0.0998161
0.105153
0.110711
0.117512
0.125379
0.133214
0.139663
0.144668
0.148979
0.152609
0.154696
0.155056
0.154399
0.153852
0.153384
0.151213
0.145836
0.138326
0.131195
0.125206
0.119451
0.112511
0.104187
0.0957031
0.0880334
0.0802932
0.070869
0.05988
0.0491995
0.0403214
0.0326627
0.0244185
0.0151611
0.00643016
-0.000672044
-0.00658147
-0.0122691
-0.0184129
-0.0250421
-0.0307103
-0.0343891
-0.0370845
-0.0401576
-0.0438442
-0.047856
-0.0510295
-0.0522801
-0.0524494
-0.0527323
-0.0525067
-0.0511095
-0.049512
-0.0487435
-0.0494754
-0.0508222
-0.0507722
-0.0485208
-0.0456699
-0.0438819
-0.0435899
-0.0440591
-0.0439178
-0.0428458
-0.0417716
-0.0412118
-0.040424
-0.038922
-0.0373994
-0.0373542
-0.0391481
-0.0415855
-0.0427819
-0.0419921
-0.0406495
-0.0405247
-0.0414483
-0.0421815
-0.0422775
-0.0423121
-0.0433242
-0.0450798
-0.0455386
-0.0440239
-0.0425331
-0.0429174
-0.0452386
-0.0476063
-0.0477089
-0.0459449
-0.0447967
-0.0450057
-0.0451552
-0.044114
-0.042344
-0.0418618
-0.0434592
-0.0449852
-0.0442771
-0.0417119
-0.0396014
-0.0397482
-0.0411248
-0.0412063
-0.039385
-0.03731
-0.0366311
-0.0368528
-0.0359878
-0.0333316
-0.0306547
-0.0297221
-0.0302631
-0.0304885
-0.0288631
-0.0261823
-0.0243873
-0.0236595
-0.0226517
-0.020458
-0.0176218
-0.0156123
-0.0146989
-0.0131327
-0.00956813
-0.00490502
-0.00104938
0.00118203
0.00300013
0.00642974
0.0115594
0.0165664
0.0203399
0.023845
0.0288616
0.0353623
0.0412839
0.0452916
0.0483764
0.0528812
0.0593462
0.065479
0.0691614
0.0715625
0.0754845
0.0813096
0.0866013
0.0891123
0.0896566
0.0911568
0.0946796
0.0982178
0.0994976
0.09806
0.0958702
0.0950262
0.0946598
0.0924576
0.0881585
0.0837682
0.0809143
0.0790469
0.0754207
0.0689145
0.0617964
0.0562069
0.0519327
0.0475725
0.0417236
0.0346652
0.0282665
0.0229436
0.01768
