0.10438
0.0830615
0.0513069
0.0439879
0.0603253
0.079255
0.0744987
0.0520939
0.0364434
0.0367762
0.04736
0.0537342
0.0462149
0.0300489
0.0197813
0.0241001
0.0335508
0.0339697
0.0223102
0.00940335
0.00873557
0.0153841
0.0177707
0.0128217
0.00542952
0.00501025
0.0093303
0.0103423
0.00816848
0.00431052
0.00128131
0.0014743
0.00285455
0.00342898
0.0019251
-0.00199476
-0.00521343
-0.00479458
-0.0030499
-0.00383847
-0.00716197
-0.00853882
-0.00615888
-0.00575998
-0.009457
-0.0124373
-0.011946
-0.00958012
-0.0108427
-0.0153002
-0.0161319
-0.0142752
-0.0148595
-0.0184325
-0.0204059
-0.0184873
-0.0172756
-0.0195829
-0.0234735
-0.0249398
-0.022381
-0.0200869
-0.0213865
-0.0249632
-0.0276285
-0.0267425
-0.0242861
-0.0217021
-0.0206956
-0.0245607
-0.0278856
-0.0265164
-0.0211921
-0.0158
-0.018152
-0.0238162
-0.0232318
-0.0173958
-0.012299
-0.0132191
-0.0172166
-0.017026
-0.0132363
-0.0107049
-0.0112523
-0.0125392
-0.0125099
-0.0117096
-0.0104491
-0.009426
-0.00984506
-0.0124589
-0.0149634
-0.01317
-0.0101871
-0.0118745
-0.0167089
-0.0193156
-0.0171913
-0.0145747
-0.0165281
-0.0207336
-0.0220229
-0.0201555
-0.0187482
-0.0197498
-0.0231004
-0.026607
-0.0272489
-0.024854
-0.0224263
-0.0236098
-0.0283874
-0.0324228
-0.0311875
-0.0248884
-0.0210828
-0.0251743
-0.030997
-0.0310389
-0.0244335
-0.0174297
-0.0182807
-0.023538
-0.0247181
-0.0204587
-0.0137575
-0.00965472
-0.0102389
-0.0119799
-0.0116078
-0.00785691
-0.0017926
0.00175246
0.000119688
-0.00186746
0.00109995
0.0070499
0.0105156
0.00829647
0.00429727
0.00499952
0.00897816
0.0118178
0.0117121
0.00881295
0.00637994
0.00675778
0.00915621
0.0115483
0.0115862
0.00935823
0.00791723
0.0102064
0.0143314
0.0162552
0.0155838
0.0139144
0.0146555
0.0179622
0.0202046
0.0212912
0.0219588
0.0230728
0.0245018
0.0246262
0.025316
0.0280793
0.0311482
0.0324802
0.032152
0.0320296
0.0321455
0.032449
0.0332495
0.0341352
0.0349012
0.0331789
0.0298888
0.029032
0.0302058
0.0313518
0.0301552
0.0266381
0.0240904
0.0229912
0.0229299
0.0238289
0.0234727
0.020604
0.0160154
0.0129533
0.014152
0.0172352
0.0176737
0.0134502
0.00801494
0.00631846
0.00888016
0.0123975
0.0125049
0.0082925
0.00378049
0.00366568
0.00795952
0.0114246
0.00969637
0.00387849
-0.000240406
0.00176986
0.00665431
0.00791555
0.0033162
-0.00316947
-0.00475873
-0.00059363
0.00349254
0.00277495
-0.00208598
-0.00573906
-0.00440077
-0.000368892
0.00144422
-0.00120638
-0.00562443
-0.00769883
-0.00574756
-0.00255618
-0.00244493
-0.00553228
-0.00917629
-0.00982406
-0.0071177
-0.00529719
-0.00640081
-0.00939639
-0.011966
-0.011968
-0.0106285
-0.0106142
-0.0126787
-0.0154782
-0.0164121
-0.0150703
-0.0140312
-0.0150312
-0.0169506
-0.0179407
-0.0169565
-0.014679
-0.0142292
-0.0163176
-0.0179009
-0.017034
-0.0139339
-0.0119052
-0.0138542
-0.0165267
-0.0160822
-0.0131671
-0.0105784
-0.0106953
-0.0126869
-0.013694
-0.012756
-0.0110018
-0.00987525
-0.0105976
-0.0126319
-0.0134499
-0.0121627
-0.0101037
-0.00904703
-0.0100284
-0.0114201
-0.0114519
-0.0105324
-0.00914113
-0.00827266
-0.00878561
-0.00956406
-0.00956934
-0.00882556
-0.00795351
-0.00823098
-0.0090225
-0.00891734
-0.00827145
-0.00750331
-0.00744347
-0.00815779
-0.00856347
-0.00832806
-0.00773361
-0.00742484
-0.00758102
-0.00753706
-0.00637627
-0.00495404
-0.00499059
