2.26176
2.19638
2.0379
1.82188
1.56634
1.28665
0.996184
0.706196
0.432301
0.187775
-0.037364
-0.239957
-0.407072
-0.53386
-0.625495
-0.696346
-0.762727
-0.824671
-0.8623
-0.868892
-0.840242
-0.769004
-0.656744
-0.512325
-0.348171
-0.177992
-0.0159864
0.133974
0.269636
0.385356
0.474571
0.529367
0.547422
0.530352
0.482988
0.413518
0.333784
0.251247
0.166441
0.0812056
-0.006372
-0.0958455
-0.185475
-0.27331
-0.351755
-0.413251
-0.456649
-0.487233
-0.50596
-0.516294
-0.520321
-0.51212
-0.491371
-0.461291
-0.421359
-0.371934
-0.322182
-0.275135
-0.235085
-0.203208
-0.171825
-0.138136
-0.109205
-0.0932698
-0.091819
-0.109214
-0.142418
-0.185971
-0.239659
-0.295867
-0.344394
-0.383848
-0.419009
-0.448089
-0.468343
-0.474382
-0.459572
-0.427489
-0.383463
-0.329046
-0.266997
-0.205337
-0.146505
-0.0897723
-0.0333804
0.0296133
0.0991168
0.167255
0.22834
0.282734
0.328579
0.362492
0.382289
0.383002
0.36224
0.318958
0.250433
0.155825
0.0396161
-0.0907996
-0.227318
-0.358898
-0.479619
-0.586394
-0.673619
-0.73731
-0.775725
-0.786892
-0.768865
-0.725855
-0.661544
-0.576699
-0.471465
-0.34631
-0.203654
-0.0462197
0.124417
0.310776
0.511237
0.718791
0.923224
1.11451
1.2864
1.43311
1.54488
1.60682
1.61262
1.56642
1.47494
1.34219
1.17285
0.976689
0.764544
0.55097
0.347862
0.158036
-0.0181661
-0.175
-0.304758
-0.406959
-0.484667
-0.541294
-0.577447
-0.590268
-0.577763
-0.54293
-0.490091
-0.41956
-0.33224
-0.228963
-0.115048
-0.000926724
0.104532
0.199608
0.282696
0.347698
0.391145
0.411547
0.409514
0.388424
0.352387
0.300048
0.232291
0.155904
0.0768103
-0.00133787
-0.0775713
-0.151744
-0.220975
-0.279104
-0.324682
-0.36014
-0.385779
-0.399597
-0.401774
-0.392445
-0.373581
-0.350772
-0.325473
-0.296136
-0.263124
-0.229961
-0.198241
-0.168989
-0.142325
-0.11728
-0.0958707
-0.0826324
-0.0800333
-0.0872239
-0.103765
-0.127822
-0.158754
-0.19567
-0.234311
-0.269574
-0.300548
-0.327318
-0.345747
-0.352849
-0.347329
-0.329048
-0.300175
-0.26503
-0.225469
-0.181628
-0.135215
-0.0884921
-0.0435001
0.000730073
0.0465195
0.0923503
0.133714
0.1686
0.196799
0.217831
0.231496
0.236148
0.227955
0.205651
0.170647
0.123803
0.0654825
-0.0049905
-0.0854319
-0.16883
-0.248438
-0.322941
-0.391814
-0.453324
-0.505243
-0.541421
-0.557434
-0.555801
-0.539836
-0.50767
-0.457817
-0.391588
-0.313068
-0.227995
-0.1349
-0.0271831
0.0955324
0.22669
0.360805
0.492169
0.615669
0.731971
0.837042
0.921236
0.980799
1.01776
1.02989
1.01172
0.960908
0.879342
0.775969
0.6609
0.539836
0.416379
0.292632
0.169859
0.0526379
-0.0533747
-0.146199
-0.224185
-0.281964
-0.318002
-0.335119
-0.335796
-0.323101
-0.298683
-0.262442
-0.213218
-0.15168
-0.0804051
-0.00655875
0.06358
0.126853
0.179321
0.219672
0.249536
0.269638
0.278906
0.278447
0.266861
0.242128
0.205073
0.15836
0.106442
0.0540935
0.00315851
-0.0470086
-0.0945647
-0.138638
-0.179718
-0.215108
-0.241696
-0.25885
-0.264244
