3.2015
3.09331
2.83511
2.48464
2.06916
1.64903
1.26547
0.919332
0.601679
0.316239
0.0523385
-0.202777
-0.4544
-0.715067
-0.979125
-1.25482
-1.54176
-1.79641
-1.9837
-2.07942
-2.05768
-1.91289
-1.68279
-1.40702
-1.10383
-0.813879
-0.564591
-0.345856
-0.149626
0.0234576
0.178303
0.326342
0.470688
0.614105
0.758961
0.902772
1.03493
1.12656
1.16016
1.13102
1.03087
0.86778
0.672061
0.472691
0.280883
0.110658
-0.0302801
-0.155266
-0.267823
-0.364458
-0.451244
-0.535182
-0.617626
-0.695857
-0.769253
-0.833714
-0.877838
-0.884471
-0.844146
-0.762978
-0.642848
-0.498718
-0.362834
-0.244636
-0.142855
-0.0615913
0.00361933
0.0627742
0.121712
0.182291
0.246453
0.315718
0.391334
0.469979
0.543815
0.609031
0.655615
0.669753
0.651848
0.608536
0.546996
0.479307
0.417934
0.36601
0.317924
0.271023
0.221322
0.161439
0.0905899
0.0113839
-0.0753226
-0.17003
-0.272634
-0.376023
-0.472282
-0.557638
-0.623256
-0.660711
-0.673782
-0.671697
-0.657801
-0.635789
-0.609096
-0.574224
-0.524829
-0.454296
-0.363648
-0.2561
-0.129754
0.0104786
0.158808
0.315984
0.475979
0.624332
0.750572
0.84688
0.904025
0.921559
0.909141
0.875917
0.825658
0.761646
0.684703
0.589127
0.470322
0.326673
0.163015
-0.0174812
-0.219411
-0.438212
-0.663673
-0.891082
-1.11173
-1.30197
-1.44553
-1.54187
-1.5804
-1.55883
-1.49235
-1.38985
-1.25858
-1.10891
-0.947413
-0.772797
-0.586651
-0.391824
-0.182926
0.0424587
0.288092
0.553721
0.829563
1.1104
1.3828
1.61818
1.80005
1.92478
1.97174
1.93374
1.83661
1.68969
1.49522
1.2796
1.06182
0.841343
0.623738
0.414458
0.208495
0.00304678
-0.204728
-0.414874
-0.61878
-0.812097
-0.986142
-1.12114
-1.20924
-1.2522
-1.24346
-1.18284
-1.08603
-0.961391
-0.812775
-0.658307
-0.507617
-0.358112
-0.216103
-0.0854903
0.0389102
0.162408
0.286454
0.408865
0.522544
0.61826
0.690327
0.728993
0.731977
0.707867
0.655273
0.577317
0.486795
0.388431
0.283275
0.17739
0.0766037
-0.0194007
-0.10731
-0.188244
-0.26909
-0.347989
-0.42425
-0.494265
-0.548048
-0.581909
-0.593933
-0.579542
-0.542052
-0.492579
-0.431524
-0.360729
-0.292479
-0.225019
-0.154526
-0.0898007
-0.0322114
0.0233206
0.0764842
0.130025
0.187904
0.246598
0.304698
0.35778
0.392411
0.40865
0.41269
0.401885
0.383353
0.36623
0.346101
0.32067
0.293651
0.26198
0.223854
0.184927
0.143291
0.0958173
0.0437276
-0.0178429
-0.0874088
-0.157324
-0.224054
-0.278913
-0.315116
-0.338048
-0.354822
-0.366145
-0.375483
-0.387624
-0.394181
-0.388675
-0.372826
-0.345655
-0.305583
-0.251622
-0.186702
-0.110121
-0.0200477
0.07898
0.181905
0.279818
0.366602
0.436161
0.483104
0.513812
0.532848
0.542356
0.546294
0.544696
0.532715
0.504815
0.459694
0.394099
0.307266
0.203228
0.0845257
-0.0453464
-0.185951
-0.331962
-0.468839
-0.590972
-0.69712
-0.777719
-0.833211
-0.877187
-0.90846
-0.919219
-0.912561
-0.885286
-0.830323
-0.752538
-0.657018
-0.546876
