0.000100327
9.28929e-05
8.98885e-05
8.64612e-05
8.16733e-05
7.88476e-05
7.37058e-05
7.04573e-05
6.69761e-05
6.45975e-05
6.28224e-05
6.16191e-05
6.08405e-05
5.96242e-05
5.92172e-05
5.82328e-05
5.67138e-05
5.43818e-05
5.23701e-05
4.91682e-05
4.59468e-05
4.37964e-05
4.14131e-05
3.96576e-05
3.73609e-05
3.54014e-05
3.41935e-05
3.35462e-05
3.27146e-05
3.17469e-05
3.04813e-05
2.86261e-05
2.64524e-05
2.33445e-05
2.02227e-05
1.67303e-05
1.29882e-05
9.45944e-06
5.55813e-06
3.01003e-06
2.22586e-07
-2.47452e-06
-4.37349e-06
-6.38515e-06
-7.54371e-06
-8.54768e-06
-1.05891e-05
-1.3235e-05
-1.49896e-05
-1.66781e-05
-1.92421e-05
-2.13878e-05
-2.40477e-05
-2.67653e-05
-2.89949e-05
-3.10307e-05
-3.26652e-05
-3.40454e-05
-3.42345e-05
-3.44384e-05
-3.34745e-05
-3.30182e-05
-3.36384e-05
-3.37483e-05
-3.4418e-05
-3.53167e-05
-3.61688e-05
-3.74019e-05
-3.84385e-05
-4.0126e-05
-4.14122e-05
-4.2256e-05
-4.30262e-05
-4.29414e-05
-4.2187e-05
-4.20427e-05
-4.11691e-05
-4.01754e-05
-3.95812e-05
-3.85111e-05
-3.79561e-05
-3.75751e-05
-3.6343e-05
-3.59276e-05
-3.51174e-05
-3.49609e-05
-3.47989e-05
-3.35509e-05
-3.24715e-05
-3.05176e-05
-2.85078e-05
-2.65362e-05
-2.40151e-05
-2.18749e-05
-1.9622e-05
-1.76346e-05
-1.57394e-05
-1.43917e-05
-1.3168e-05
-1.26697e-05
-1.18073e-05
-1.18809e-05
-1.17812e-05
-1.09347e-05
-9.71556e-06
-7.567e-06
-5.22658e-06
-2.72691e-06
-2.69152e-07
2.74926e-06
5.38584e-06
7.74022e-06
1.00164e-05
1.15894e-05
1.26949e-05
1.3195e-05
1.40127e-05
1.37845e-05
1.39335e-05
1.54981e-05
1.56993e-05
1.66697e-05
1.84262e-05
1.9555e-05
2.14754e-05
2.27913e-05
2.42637e-05
2.59141e-05
2.7135e-05
2.74843e-05
2.74358e-05
2.69869e-05
2.62791e-05
2.52752e-05
2.45338e-05
2.37105e-05
2.25594e-05
2.20807e-05
2.22251e-05
2.23191e-05
2.25287e-05
2.28332e-05
2.32775e-05
2.42675e-05
2.48216e-05
2.4478e-05
2.41911e-05
2.30959e-05
2.28332e-05
2.26405e-05
2.16225e-05
2.13543e-05
2.06241e-05
2.03839e-05
1.96313e-05
1.96593e-05
1.94609e-05
1.90753e-05
1.92784e-05
1.78153e-05
1.71615e-05
1.61249e-05
1.41216e-05
1.26334e-05
1.07614e-05
8.55699e-06
7.05756e-06
5.88596e-06
4.99748e-06
3.50829e-06
2.92528e-06
2.40188e-06
1.95764e-06
2.13366e-06
9.81614e-07
-3.65078e-07
-1.33086e-06
-2.83495e-06
-4.33624e-06
-5.62705e-06
-7.13579e-06
-9.22289e-06
-1.08741e-05
-1.15652e-05
-1.24145e-05
-1.30478e-05
-1.39624e-05
-1.41803e-05
-1.44942e-05
-1.44551e-05
-1.47326e-05
-1.55149e-05
-1.59713e-05
-1.70525e-05
-1.69873e-05
-1.7968e-05
-1.89682e-05
-1.98819e-05
-2.12975e-05
-2.26758e-05
-2.36295e-05
-2.43057e-05
-2.48607e-05
-2.49501e-05
-2.48794e-05
-2.54354e-05
-2.55601e-05
-2.56868e-05
-2.6104e-05
-2.59243e-05
-2.68258e-05
-2.72924e-05
-2.67122e-05
-2.69366e-05
-2.74181e-05
-2.70084e-05
-2.65064e-05
-2.54409e-05
-2.4219e-05
-2.34917e-05
-2.22186e-05
-2.09929e-05
-1.97357e-05
-1.87354e-05
-1.79205e-05
-1.72863e-05
-1.68923e-05
-1.67526e-05
-1.61603e-05
-1.58697e-05
-1.61128e-05
-1.56295e-05
-1.56267e-05
-1.5066e-05
-1.43116e-05
-1.32583e-05
-1.23801e-05
-1.19805e-05
-1.08602e-05
-1.01067e-05
-8.34092e-06
-7.65733e-06
-7.61077e-06
-6.85453e-06
-6.24638e-06
-5.45289e-06
-5.26477e-06
-5.01238e-06
-4.46104e-06
-3.76999e-06
-3.05288e-06
-2.98582e-06
-1.56835e-06
-9.66713e-07
5.06639e-07
2.0396e-06
3.03239e-06
4.19654e-06
5.20423e-06
5.64381e-06
6.24917e-06
6.70925e-06
7.09202e-06
7.94884e-06
8.07177e-06
8.33441e-06
8.15932e-06
8.95932e-06
9.29181e-06
9.19774e-06
9.82545e-06
9.96888e-06
1.10315e-05
1.12746e-05
1.11451e-05
1.12848e-05
1.11656e-05
1.17943e-05
1.18995e-05
1.26436e-05
1.29174e-05
1.30618e-05
1.33915e-05
1.37296e-05
1.3981e-05
1.43945e-05
1.49729e-05
1.46981e-05
1.43684e-05
1.41859e-05
1.44178e-05
1.36029e-05
1.34762e-05
1.29919e-05
1.24667e-05
1.27209e-05
1.24937e-05
1.23493e-05
1.1852e-05
1.14571e-05
