1.21919e-05
5.78351e-06
4.85126e-06
5.47618e-06
3.96091e-06
5.12879e-06
4.21237e-06
5.06453e-06
4.9537e-06
3.69176e-06
4.1239e-06
3.91621e-06
3.90876e-06
4.10806e-06
3.30899e-06
3.32948e-06
2.98955e-06
2.52482e-06
2.87034e-06
2.58908e-06
2.64589e-06
2.47732e-06
2.26684e-06
2.64402e-06
2.0694e-06
2.23797e-06
2.60491e-06
2.27056e-06
2.59653e-06
1.65589e-06
1.69873e-06
1.81329e-06
1.34856e-06
1.45752e-06
1.65217e-06
1.75927e-06
9.17353e-07
8.13045e-07
1.40537e-06
9.87202e-07
1.34297e-06
1.70153e-06
2.24449e-07
1.08965e-07
-6.14673e-08
1.29454e-07
3.20375e-07
2.27243e-07
4.61005e-07
2.57976e-07
8.00937e-08
-2.26311e-07
2.03028e-07
5.7742e-08
2.78465e-07
-2.23517e-07
-1.61119e-07
5.58794e-08
-4.014e-07
1.63913e-07
3.07336e-07
4.34928e-07
1.69501e-07
2.70084e-08
6.97561e-07
5.25266e-07
4.16301e-07
3.05474e-07
2.43075e-07
1.42492e-07
-2.69152e-07
-2.96161e-07
2.0396e-07
2.79397e-07
9.49949e-08
-2.04891e-08
8.75443e-08
-9.54606e-07
-1.20141e-06
-6.91973e-07
-8.07457e-07
-8.17701e-07
-7.15256e-07
-9.89996e-07
-1.10269e-06
-1.15484e-06
-1.42585e-06
-1.1744e-06
-1.43331e-06
-1.01235e-06
-1.0496e-06
-1.29547e-06
-7.37607e-07
-7.90693e-07
-4.14439e-07
-3.97675e-07
-9.22009e-07
-7.99075e-07
-6.96629e-07
-8.70787e-07
-5.41098e-07
-5.1409e-07
-5.29923e-07
-8.11182e-07
-8.91276e-07
-7.255e-07
-2.14204e-08
-6.81728e-07
-7.96281e-07
-5.65313e-07
-8.27014e-07
-1.82539e-07
-9.62056e-07
-5.93252e-07
-5.37373e-07
-7.37607e-07
-9.96515e-08
-5.96046e-07
-3.27826e-07
-2.29105e-07
-6.04428e-07
-2.28174e-07
3.07336e-08
1.56462e-07
5.08502e-07
1.36904e-07
2.23517e-07
-2.56114e-07
8.19564e-08
6.59376e-07
2.40281e-07
2.63564e-07
3.50177e-07
4.48897e-07
4.88944e-07
4.81494e-07
8.19564e-07
6.93835e-07
5.08502e-07
5.72763e-07
2.49594e-07
9.06177e-07
4.99189e-07
9.77889e-08
1.58325e-07
-2.2538e-07
1.9744e-07
7.72998e-08
-2.93367e-07
-1.58325e-08
-4.30271e-07
-3.18512e-07
-3.69735e-07
-4.53554e-07
-6.14673e-08
-5.79283e-07
-4.99189e-07
-4.99189e-07
-7.55303e-07
-3.08268e-07
-7.52509e-07
-5.82077e-07
-7.5344e-07
-6.13742e-07
-5.84871e-07
-6.78934e-07
-7.34814e-07
-7.3947e-07
-3.93018e-07
-4.47966e-07
-4.68455e-07
-3.95812e-07
-8.25152e-07
-1.23307e-06
-7.0408e-07
-5.50412e-07
-3.91155e-07
-5.54137e-07
-7.47852e-07
-4.6473e-07
-1.22841e-06
-1.33365e-06
-5.82077e-07
-6.4075e-07
-7.41333e-07
-1.07475e-06
-9.89996e-07
-5.4948e-07
-4.77768e-07
-4.48897e-07
-4.69387e-07
-3.86499e-07
-5.6345e-07
-6.7614e-07
-5.47618e-07
-3.81842e-07
-6.04428e-07
-6.97561e-07
5.58794e-09
-3.22238e-07
-2.30968e-07
9.31323e-10
1.00583e-07
2.98023e-08
-1.55531e-07
-2.14204e-08
-1.78814e-07
-3.40864e-07
-1.17347e-07
2.57976e-07
1.9744e-07
2.6077e-07
1.79745e-07
-3.88362e-07
2.8871e-08
4.8615e-07
2.52388e-07
7.38539e-07
1.37836e-07
-1.90921e-07
-6.14673e-08
-7.77654e-07
1.52737e-07
3.31551e-07
1.50874e-07
-2.8871e-08
-3.52971e-07
-9.59262e-08
2.79397e-09
-5.96046e-08
-3.72529e-08
8.00937e-08
2.40281e-07
9.31323e-09
-1.24797e-07
5.52274e-07
3.57628e-07
-2.05822e-07
2.38419e-07
4.12576e-07
1.91852e-07
1.96509e-07
2.7474e-07
4.20026e-07
4.11645e-07
2.49594e-07
-2.8871e-08
3.68804e-07
6.44475e-07
2.8871e-07
4.96395e-07
5.99772e-07
6.46338e-07
5.06639e-07
4.33065e-07
5.50412e-07
2.41213e-07
5.74626e-07
8.64267e-07
4.88944e-07
4.27477e-07
5.1409e-07
6.1933e-07
9.33185e-07
9.99309e-07
1.06916e-06
8.09319e-07
9.62056e-07
9.0804e-07
8.57748e-07
1.10641e-06
6.07222e-07
9.53674e-07
8.92207e-07
8.71718e-07
9.36911e-07
1.20606e-06
1.16695e-06
7.72066e-07
7.52509e-07
8.73581e-07
7.90693e-07
6.1933e-07
8.19564e-07
8.74512e-07
9.84408e-07
5.85802e-07
7.43195e-07
7.57165e-07
5.84871e-07
5.46686e-07
3.57628e-07
8.55885e-07
6.82659e-07
4.25614e-07
4.2282e-07
3.77186e-07
-1.15484e-07
-4.00469e-08
1.43424e-07
