0.00459987
0.00275262
0.000279991
-0.00067626
-0.000361482
0.000603517
0.000949333
0.000663892
0.000429752
0.000501232
0.000435814
0.000320829
6.74594e-05
-0.000380938
-0.000686585
-0.000589712
0.000134039
0.000893599
0.000880999
0.000107664
-0.000722845
-0.00114436
-0.00086015
1.89357e-05
0.000501947
0.000296721
-0.00013936
-0.000416142
-0.000474991
-0.000357007
-0.000459385
-0.000789004
-0.000937817
-0.000886355
-0.000528519
-8.16202e-05
0.00026565
0.000125411
-0.000385318
-0.000623979
-0.000323925
0.000230858
0.000583375
0.000488614
3.30713e-06
-0.000323086
-0.000286912
-3.05865e-05
0.000203127
0.000108799
-0.000211579
-0.000431278
-0.000216032
0.000124551
0.000110354
-0.000234177
-0.000582675
-0.000425112
9.38028e-06
0.000330871
0.00026275
-5.78733e-05
-0.000215609
-0.000160572
6.95223e-05
0.000376652
0.000479199
0.000243014
-4.01195e-05
-0.000155979
-1.9908e-05
0.000194263
0.000122072
-0.000109009
-0.000196339
-3.15458e-05
0.000269078
0.000376394
0.000304412
8.95811e-05
-9.42685e-05
9.46559e-05
0.000492077
0.00060251
0.000410371
0.000220097
6.2908e-05
2.08588e-05
6.27488e-05
0.00025762
0.000425955
0.000282562
-6.57169e-05
-0.000278393
-0.000113063
0.000118649
3.15066e-05
-0.00029941
-0.000419158
-0.000277042
-0.000225972
-0.000192573
-0.000166325
-0.000259153
-0.000466939
-0.000525459
-0.000294878
8.21995e-05
0.000292935
-4.08506e-05
-0.000512501
-0.000711775
-0.000485178
-0.000108778
1.33133e-05
-0.000158334
-0.00036885
-0.000258295
9.11579e-05
0.000315572
5.50561e-05
-0.000287977
-0.000275628
-7.66823e-05
7.94334e-05
0.000149059
0.000239763
0.00025371
9.04193e-05
-0.000159521
-0.000155671
0.000177496
0.000381943
0.000263853
1.69612e-05
1.46627e-05
0.00012002
6.85034e-05
-8.45175e-05
-0.000233799
-0.000162054
2.0599e-05
0.000109755
0.000139429
0.000155512
1.41244e-05
-0.000118931
-0.000157923
-0.00014072
-9.63788e-05
3.34997e-05
0.000140126
5.26048e-05
-8.88193e-05
-0.000281101
-0.000271589
-0.000139121
-0.000103478
-1.86721e-05
-6.85519e-05
-8.79504e-05
6.27339e-05
8.75769e-05
-3.49544e-05
-0.00018722
-0.000210277
-4.11877e-05
0.000226358
0.000257914
7.46148e-05
-2.8139e-05
2.77888e-05
0.000108671
-2.03513e-05
-0.000141423
-7.94595e-05
5.9315e-05
7.0001e-05
-8.05594e-07
-7.52006e-05
-6.36736e-05
-1.65133e-05
-0.000138436
-0.000231581
1.75647e-06
0.000264007
0.000136321
-0.000109702
-0.000111334
0.00015541
0.000433946
0.000267204
-0.00015597
-0.000194293
1.69706e-05
0.000165916
8.82149e-05
-5.77476e-05
-7.25826e-05
-7.61887e-05
-0.000119952
-9.01613e-05
-5.26495e-05
-0.000137616
-0.000184779
-0.000102965
-5.9709e-05
-6.51535e-05
-9.22242e-05
-7.45198e-05
1.39344e-05
0.000101288
6.59833e-05
7.79238e-06
3.37735e-05
-0.00011597
-0.00025868
-0.000149242
1.69771e-05
1.53054e-05
-9.61376e-05
-0.000200045
-0.000175332
-5.50747e-05
-1.824e-05
1.78106e-05
0.000158753
0.000346087
0.000331228
0.00015558
-6.42929e-05
-0.000157786
-2.33473e-05
0.0002439
0.000424519
0.000370087
0.000226974
0.000194132
0.000170445
2.3826e-05
-7.42199e-05
-2.23983e-05
0.000105668
0.000196242
8.32584e-05
-7.58665e-05
-8.34484e-05
1.12923e-05
0.000133522
0.000180459
0.000257464
0.000221636
0.000110793
8.81627e-05
8.17366e-05
-7.09482e-06
-5.03883e-05
2.78056e-05
0.000126253
0.000236621
0.000172274
-7.48765e-05
-0.000319245
-0.000300655
-3.78396e-05
0.000221688
0.000440064
0.000310625
-6.67851e-05
-0.000286515
-0.0002253
-4.52008e-05
-6.19423e-06
-1.44001e-05
-1.89804e-05
2.03159e-05
0.000119002
0.000116428
-0.000101331
-0.00036362
-0.00044289
-0.000435092
-0.000297401
-7.78586e-07
0.000245289
0.000122705
-0.000254491
-0.000538675
-0.000517295
-0.000179504
4.77834e-05
6.86757e-06
-0.000108549
-7.79135e-05
0.000102553
0.000176815
5.29438e-05
-0.000280017
-0.000629519
-0.000573325
