0.706806
0.68709
0.642787
0.591623
0.544352
0.504638
0.469899
0.436885
0.406603
0.377745
0.343144
0.297381
0.243994
0.191499
0.146028
0.105361
0.0622159
0.0140785
-0.0343219
-0.0765264
-0.110157
-0.136902
-0.15911
-0.17819
-0.194955
-0.212004
-0.233204
-0.258104
-0.280667
-0.293824
-0.294462
-0.284666
-0.269356
-0.252436
-0.235655
-0.22096
-0.209558
-0.200189
-0.189517
-0.173928
-0.152526
-0.128649
-0.106439
-0.086983
-0.069502
-0.0529193
-0.0373494
-0.0239949
-0.0128711
-0.0023256
0.00822694
0.016985
0.022401
0.0250329
0.0274845
0.0318853
0.0369521
0.0391326
0.0369482
0.0321761
0.0274485
0.0234809
0.0186669
0.0123517
0.00632523
0.00324563
0.00252413
0.000589421
-0.00444781
-0.0111516
-0.0162447
-0.0183822
-0.0200833
-0.0243393
-0.0298691
-0.0321744
-0.0289582
-0.0217091
-0.0144386
-0.00925428
-0.00501797
-0.000555183
0.00279706
0.00254106
-0.0011151
-0.0047352
-0.00541637
-0.0037816
-0.00340761
-0.00745006
-0.0151421
-0.0232359
-0.0301731
-0.0370758
-0.0453062
-0.0546119
-0.0639155
-0.0727096
-0.0826213
-0.0957338
-0.112065
-0.129783
-0.146921
-0.163229
-0.179594
-0.196273
-0.211805
-0.224708
-0.234827
-0.242933
-0.249855
-0.255525
-0.259614
-0.261999
-0.262809
-0.261722
-0.257503
-0.248627
-0.234557
-0.216144
-0.194212
-0.168941
-0.140905
-0.111479
-0.0815536
-0.0512683
-0.0199613
0.0131707
0.04781
0.0828822
0.117863
0.154227
0.192842
0.231828
0.26809
0.299593
0.326555
0.350407
0.371747
0.388986
0.401917
0.412701
0.423323
0.433932
0.441138
0.440153
0.429551
0.411948
0.389227
0.361728
0.329654
0.29472
0.260357
0.229362
0.201232
0.172456
0.140834
0.107511
0.0747271
0.0434125
0.0124742
-0.0189296
-0.049466
-0.0763917
-0.0982006
-0.115311
-0.128725
-0.138885
-0.145731
-0.150192
-0.154833
-0.162136
-0.172375
-0.183187
-0.190995
-0.193273
-0.189462
-0.179896
-0.165182
-0.14727
-0.129553
-0.115096
-0.104964
-0.0978058
-0.0909534
-0.0824078
-0.0718822
-0.0598431
-0.046272
-0.031277
-0.016144
-0.00303573
0.00667394
0.0135845
0.0193003
0.0243919
0.0280947
0.0294407
0.0285136
0.0270266
0.0268275
0.0279102
0.0294556
0.0316481
0.0346831
0.0374627
0.0378852
0.0339629
0.0260493
0.0171381
0.0104549
0.00703428
0.00637598
0.00788315
0.0112048
0.015397
0.0179972
0.0164981
0.0111016
0.00483371
0.000797438
-0.000424497
-0.000431657
-0.000782947
-0.00134776
-0.000918346
0.000481012
0.000948137
-0.00072641
-0.0034896
-0.00583482
-0.00778132
-0.0109707
-0.0175894
-0.0278077
-0.0392331
-0.0495518
-0.0583119
-0.0658584
-0.0726522
-0.0787806
-0.0842865
-0.0907666
-0.100487
-0.113884
-0.129091
-0.14312
-0.153838
-0.161355
-0.167514
-0.173599
-0.179669
-0.185485
-0.190935
-0.19558
-0.198339
-0.1977
-0.193037
-0.185788
-0.178315
-0.171759
-0.165123
-0.156173
-0.142993
-0.125096
-0.103092
-0.0776811
-0.0501326
-0.0228674
0.00155124
0.0225072
0.0417322
0.0618256
0.0844932
0.109002
0.133441
0.15693
0.17931
0.200108
0.218592
0.234561
0.249073
0.263494
0.277456
0.288162
0.292771
0.291198
0.285872
0.279839
0.274295
0.267952
0.259521
0.248653
0.234758
0.216397
0.192785
0.165147
0.136499
0.110265
0.0876425
