0.281601
0.133553
-0.0316943
-0.038106
0.0138136
0.042356
0.00241785
-0.0200994
0.041209
0.100764
0.0703703
0.00733854
-0.0195635
0.00525861
0.0503645
0.0679017
0.0456489
0.000482381
-0.0335503
-0.0363349
-0.025274
-0.0156478
0.0111496
0.0575258
0.0859766
0.0631143
-0.00131438
-0.0488346
-0.0439998
-0.0124715
-0.00455207
-0.0141652
0.00282753
0.0239875
0.0154208
-0.0189739
-0.0377175
-0.0136952
0.0279993
0.0392859
0.00853058
-0.0190161
-0.0314206
-0.0357255
-0.0428892
-0.0520387
-0.0231929
0.0290617
0.052399
0.0300178
-0.0184184
-0.0419584
-0.027648
-0.0167273
-0.0234248
-0.0358074
-0.0282991
0.00646727
0.00801558
-0.0313788
-0.0516355
-0.0260181
0.0216117
0.0402524
0.00279414
-0.0321676
-0.0248051
-0.0249498
-0.0445094
-0.0542458
-0.032474
0.018454
0.0450598
0.0179479
-0.00864168
-0.0111975
-0.00858779
-0.0166382
-0.030252
-0.0193509
0.00159762
0.00373062
-0.0165392
-0.0335695
-0.02295
0.00533461
0.0203025
0.0175773
0.0120395
0.00626444
-0.00213119
-0.0269445
-0.0504204
-0.0350778
-0.0110411
0.014317
0.0368794
0.0252496
0.0059238
0.00128881
-0.00466719
-0.01133
-0.0198089
-0.0213819
-0.00244838
0.0138673
0.00607462
-0.0197736
-0.030254
-0.00829588
0.0149655
0.0161058
0.00308303
-0.00518452
-0.00266529
-0.00194242
-0.0272198
-0.053036
-0.0307661
0.0134283
0.0321124
0.00942942
-0.0181828
-0.014277
-0.00736544
-0.0152152
-0.0240366
-0.0207258
0.00336682
0.0155739
-0.013137
-0.0345781
-0.0249995
-0.0137453
-0.00282693
0.00129901
0.00140541
0.0135778
0.0161077
-0.0142338
-0.0432813
-0.0351922
-0.00631341
0.0132342
0.0073072
-0.00251737
-0.00359305
-0.00120128
-0.00368142
-0.0116779
-0.00990826
-0.00136824
0.00798214
0.0127827
-0.0034802
-0.0230028
-0.020658
-0.00988048
0.00482749
0.0179237
0.0153334
0.0111053
0.0123936
0.00390441
-0.00705735
-0.00987824
0.00355894
0.0211855
0.0168048
0.00788386
0.0177272
0.018849
0.0123619
0.0118784
0.00641652
0.01869
0.0277331
0.0143466
0.0104485
0.00883767
0.0057878
0.011364
0.020556
0.0272484
0.0266939
0.0207967
0.0179745
0.0220689
0.0104164
0.00068158
0.00686216
0.0137497
0.0262292
0.0242545
0.0113349
0.0146963
0.0168503
-0.00293288
-0.0123811
0.00320044
0.0208592
0.0221842
0.00458023
-0.00794428
0.0029495
0.010263
-0.00591935
-0.0123301
0.00186342
0.00820126
0.00952783
0.00511997
-0.0109808
-0.0153018
-0.0069837
0.00156843
0.00542548
0.00414085
-0.00444746
-0.00721787
-0.0145275
-0.0216034
-0.0146103
-0.0110021
-0.000502622
0.00498563
-0.00100183
-0.00564517
-0.0106211
-0.0152444
-0.0109478
-0.00397667
-0.00691184
-0.00673648
-0.000497147
0.000461223
-0.00623629
-0.0163553
-0.00833266
0.00853062
0.00633033
-0.00311272
-0.0115037
-0.0121381
-0.00433971
-0.00977984
-0.014269
-0.00249579
0.00343171
0.0020113
-0.00300595
-0.00433472
-0.000660096
-0.00420979
-0.00794827
-0.00406228
0.00122519
0.00272037
0.00229431
0.000321394
-0.000711356
-0.000497771
0.000379185
0.00653626
0.00859653
0.00271372
-0.00297209
-0.00314623
0.00460205
0.00201109
-0.00354535
0.00170673
0.00850455
0.0100649
0.00486027
-0.00269857
-0.00319744
0.00419694
0.0055983
0.00481112
0.00953134
0.00969125
0.00610225
-0.00165387
-0.0143147
-0.00896765
0.0125824
0.0171791
0.00525852
-0.0022915
0.00219887
0.0100274
0.000266867
-0.0128331
-0.0151549
-0.00771524
0.00619855
0.00405482
-0.00092093
-0.00326586
