0.0310964
0.0245238
0.0121447
0.00271772
0.000203813
0.00395366
0.00845793
0.0111966
0.0125934
0.0135614
0.013545
0.0107515
0.00552509
0.000821505
-0.000302483
0.00258552
0.00645941
0.0077586
0.00571992
0.00246963
0.000928623
0.0026531
0.00598067
0.00775065
0.00654943
0.00314831
-9.38028e-06
-0.000672238
0.0010475
0.00400351
0.00656109
0.00761211
0.00737111
0.00600323
0.00378642
0.000787709
-0.00213165
-0.0027458
-6.303e-05
0.00471919
0.0088026
0.00948157
0.00629892
0.00131831
-0.00271303
-0.00401685
-0.00233906
0.00045264
0.00247564
0.00368643
0.00434292
0.00382897
0.00190843
-0.00110682
-0.00393776
-0.00454278
-0.00252932
0.000476537
0.00214618
0.00142342
-0.000535021
-0.00190808
-0.00210212
-0.00140404
-0.000899416
-0.000897793
-0.000876116
-0.00120109
-0.00141227
-0.00134236
-0.0013917
-0.00120364
-0.000859895
-0.00042175
-9.32841e-05
-0.000562169
-0.00199576
-0.00380013
-0.00493086
-0.00457527
-0.00277248
-0.00087521
-0.000656969
-0.00232251
-0.0043427
-0.00558748
-0.00609376
-0.00605116
-0.00572819
-0.00510713
-0.00390483
-0.00266341
-0.00277607
-0.00461059
-0.00722851
-0.00879714
-0.00753831
-0.00466266
-0.00236552
-0.00190787
-0.00335432
-0.00511339
-0.00621502
-0.00638439
-0.00587629
-0.00489589
-0.00376506
-0.00269536
-0.00198511
-0.00258802
-0.0042466
-0.00592035
-0.0063516
-0.00480016
-0.00244268
-0.000979881
-0.00129661
-0.00303967
-0.0044144
-0.00461637
-0.00392883
-0.00281668
-0.00214226
-0.00178049
-0.00171341
-0.00235978
-0.00323488
-0.00374894
-0.00336254
-0.00226443
-0.00119737
-0.00034015
-0.000201704
-0.00111754
-0.00267015
-0.00395722
-0.0038522
-0.00211538
0.000141007
0.0012578
0.000470239
-0.00166007
-0.00354893
-0.00378963
-0.00270144
-0.0013011
-0.000203655
0.000425392
0.000709431
0.000325254
-0.000961158
-0.0027986
-0.00386954
-0.00299698
-0.000557965
0.00214194
0.00320292
0.002068
-0.000195436
-0.00220028
-0.00270949
-0.00176672
8.94889e-05
0.00164809
0.00211578
0.00182617
0.000951998
5.63357e-05
-0.000571593
-0.00111968
-0.00136924
-0.000826745
4.93499e-05
0.000610955
0.000503274
-0.000523597
-0.00137035
-0.00120715
-2.03978e-05
0.00143446
0.00144334
-0.00023925
-0.00230687
-0.0032647
-0.00237714
-0.000467333
0.00132724
0.00236387
0.00235048
0.0017856
0.000746605
-0.00105945
-0.00267552
-0.00299616
-0.00164336
0.000978055
0.00322962
0.00358813
0.001923
-0.00059333
-0.0023717
-0.00261095
-0.0014012
0.000404012
0.00163966
0.00185472
0.00137947
0.000380671
-0.000571269
-0.0009173
-0.000811173
-0.000264458
0.000537556
0.00116026
0.00128801
0.000815614
0.000250099
0.000266636
0.000944492
0.0017606
0.00191449
0.00112399
-0.000284404
-0.00161564
-0.00197719
-0.00113838
0.000384502
0.00176969
0.00223017
0.00188082
0.000978245
-0.000377341
-0.0015273
-0.00188797
-0.00109045
0.000558517
0.00211433
0.00280651
0.00221598
0.00102909
3.28012e-05
-0.000673555
-0.000720392
-0.000225117
0.000317987
0.000759767
0.000982555
0.000796969
0.000193673
-0.000369652
-0.000780479
-0.00100643
-0.000817036
-0.000605289
-0.000840656
-0.00134527
-0.00154184
-0.00128834
-0.000799528
-0.000371455
-0.000114937
0.000108299
0.000158273
-3.60096e-05
-0.00028432
-0.000495372
-0.000541201
-0.000202699
0.000472438
0.00113704
0.00141568
0.0010822
0.000297415
-0.000390601
-0.000525774
3.33926e-05
0.00077717
0.0011518
0.00104443
0.000605249
1.43452e-05
-0.000648237
-0.00107473
-0.000883588
-4.56711e-05
0.00100126
0.00180948
0.0019643
0.00130844
0.000259261
-0.00055369
-0.00058096
0.000275796
0.00157544
0.00259232
0.0026224
0.00177947
0.000766215
0.000222845
0.000496122
