0.125052
0.0687417
-0.0147894
-0.0384313
-0.00848596
0.0191313
0.00868376
-0.00557631
0.0108553
0.0402115
0.04191
0.0104797
-0.0263555
-0.029692
0.00354609
0.0327207
0.0311878
0.00317311
-0.0242559
-0.0285791
-0.0134734
0.000291758
0.00188974
0.00538062
0.0199862
0.0284157
0.0109576
-0.0233622
-0.0411755
-0.0261573
0.00198279
0.0165399
0.0139121
0.00466858
-0.00483781
-0.0128886
-0.0202402
-0.020343
-0.00792667
0.00968975
0.0177681
0.00880178
-0.0119951
-0.02818
-0.0310661
-0.0230191
-0.0104991
0.00150826
0.0131218
0.0154243
0.00504063
-0.0132718
-0.0239931
-0.0195003
-0.00894203
0.00190144
0.00828052
0.00983121
0.00400005
-0.00582286
-0.00977205
-0.00638681
0.000488667
0.00772979
0.0142417
0.0136179
0.00285545
-0.0104052
-0.0146909
-0.00910712
-0.00153015
0.0062103
0.0128242
0.014452
0.0100491
0.000212491
-0.0105301
-0.013977
-0.00846248
0.00200102
0.0107823
0.0121719
0.00648928
-0.00310745
-0.011021
-0.0103173
-0.0022434
0.00363353
0.00600966
0.00702178
0.00565269
0.00140791
-0.00798879
-0.0146894
-0.010353
0.00107052
0.00965052
0.0108047
0.00521637
-0.00490796
-0.00929189
-0.00536542
-0.00046139
0.00083081
-0.000639134
0.00428757
0.0104191
0.00520916
-0.00886251
-0.0175956
-0.0115969
0.00214163
0.00934028
0.00751521
0.00501956
0.00607669
0.0034395
-0.00680219
-0.0150595
-0.0123169
-0.00190036
0.00673563
0.00940678
0.00590372
-0.00164318
-0.00713541
-0.0040718
0.00376182
0.00374549
-0.00148639
-0.00160048
0.00397392
0.00662343
-0.0046908
-0.0174254
-0.0134561
0.00634949
0.0212508
0.0126855
-0.00469749
-0.00847299
-0.000821253
0.00158641
-0.00608806
-0.0112816
-0.00216376
0.0134425
0.0164482
0.0057478
-0.0102832
-0.0173351
-0.00559118
0.00891424
0.0126709
0.00549189
-0.00260654
-0.0023447
0.000343335
-0.00278837
-0.00879306
-0.00786466
0.00265517
0.0157237
0.0179148
0.00445422
-0.0135136
-0.0188554
-0.00909881
0.00265469
0.00648954
0.0033284
0.00272784
0.00468388
0.000537706
-0.0108848
-0.0154952
-0.0067843
0.00495929
0.00940375
0.00445552
-0.000184334
-0.0031493
-0.00771954
-0.00964819
-0.00512471
0.00271564
0.00717052
0.00571871
-0.000438703
-0.00635838
-0.00881802
-0.00790646
-0.00215849
0.00494673
0.00648289
0.00342337
0.00182094
0.000730939
-0.00453337
-0.0124992
-0.0113175
0.00731992
0.0240066
0.0183133
-0.00113704
-0.0129829
-0.00635282
0.0031943
0.00256044
-8.06339e-06
0.00480853
0.0159454
0.0201021
0.00883588
-0.00777293
-0.0142405
-0.00412636
0.0134663
0.0204449
0.0099217
-0.00236089
-0.00146812
0.00577197
0.00559836
-0.00275224
-0.00408896
0.00873341
0.0187769
0.0133458
-0.00364945
-0.0174192
-0.0130831
0.00190801
0.011188
0.00980055
0.00238577
-0.00293284
-0.00304618
-0.00479291
-0.00911473
-0.00984452
-0.00304835
0.00904835
0.0133013
0.00135448
-0.0163665
-0.0210786
-0.0107055
-0.00079233
0.000857416
0.0010135
0.00532244
0.00644705
-0.00487785
-0.0183625
-0.0194104
-0.0098009
0.00197397
0.00685158
0.00485626
-0.000810905
-0.00726304
-0.0106238
-0.0108241
-0.00573242
-0.000401932
0.00248172
0.00415978
0.000399173
-0.00743616
-0.0136505
-0.0118326
-0.001271
0.0105129
0.0130412
0.00688821
0.00118217
-0.00327903
-0.00596442
-0.0058847
-0.00388102
0.00311834
0.0123779
0.0152627
0.00940255
0.000994951
-0.00530471
-0.00671578
-0.00183969
0.00522058
0.0103003
0.0090467
0.00264028
-0.00168847
-0.00156621
-0.00184867
-0.00193576
0.00125591
0.0055767
0.0101015
