0.616637
0.57791
0.501214
0.409487
0.324413
0.277267
0.263296
0.270787
0.286059
0.28835
0.274694
0.241544
0.195135
0.146601
0.0964699
0.0519274
0.0160156
-0.0158272
-0.0363774
-0.0443827
-0.0444561
-0.0288641
-0.00987933
-0.00391767
-0.0114394
-0.0394111
-0.0838139
-0.127423
-0.161864
-0.176946
-0.170117
-0.150896
-0.127132
-0.110293
-0.107759
-0.120996
-0.148599
-0.180343
-0.208738
-0.228838
-0.234723
-0.232926
-0.228172
-0.220261
-0.215821
-0.215103
-0.215289
-0.219555
-0.22688
-0.236305
-0.247434
-0.254155
-0.253638
-0.244837
-0.227092
-0.204504
-0.180022
-0.157695
-0.141301
-0.129197
-0.122094
-0.116027
-0.105259
-0.0896449
-0.0654249
-0.0336603
-0.000929617
0.0300533
0.0552687
0.0736994
0.0878469
0.0991185
0.110241
0.122968
0.137843
0.15437
0.170404
0.18394
0.193594
0.197663
0.198919
0.200129
0.202836
0.207663
0.211499
0.211653
0.207648
0.200239
0.192429
0.186043
0.182703
0.181118
0.177866
0.17191
0.160994
0.144748
0.125447
0.104871
0.0857302
0.0704914
0.0571913
0.0442389
0.0288908
0.00744968
-0.0179353
-0.0456054
-0.0727395
-0.094559
-0.11223
-0.125361
-0.1367
-0.149618
-0.16178
-0.175475
-0.189253
-0.200129
-0.209383
-0.214941
-0.218291
-0.220838
-0.220763
-0.219974
-0.216908
-0.209279
-0.199399
-0.187308
-0.176313
-0.170681
-0.169786
-0.172662
-0.176077
-0.173738
-0.164944
-0.149259
-0.128241
-0.108287
-0.0935427
-0.087223
-0.0897807
-0.0967494
-0.106364
-0.111463
-0.107349
-0.0967487
-0.0776593
-0.0554998
-0.036545
-0.0184164
-0.00585819
0.00211257
0.0103799
0.0147446
0.0190708
0.0263165
0.0367853
0.0566046
0.0878575
0.128282
0.175176
0.218829
0.253974
0.27573
0.278425
0.270246
0.258603
0.251471
0.264467
0.293598
0.331987
0.372618
0.390366
0.384245
0.356352
0.308892
0.262078
0.222647
0.192617
0.174927
0.16141
0.151482
0.140003
0.124694
0.109289
0.0905264
0.0697802
0.0495325
0.0263584
0.00238664
-0.0194633
-0.0399842
-0.0517634
-0.0525694
-0.0474812
-0.0366794
-0.0285978
-0.0311696
-0.0425236
-0.063147
-0.0882044
-0.109902
-0.124918
-0.12935
-0.123403
-0.11222
-0.10093
-0.0964549
-0.101128
-0.113443
-0.131264
-0.146495
-0.157223
-0.164253
-0.164891
-0.164261
-0.163287
-0.159434
-0.156628
-0.15388
-0.150618
-0.150326
-0.15124
-0.153949
-0.158033
-0.159391
-0.156286
-0.146526
-0.130005
-0.109864
-0.0885476
-0.0725565
-0.0640874
-0.0590233
-0.0565177
-0.0501469
-0.0358375
-0.0174547
0.00460112
0.0266623
0.0433276
0.0569216
0.0673828
0.07587
0.0855575
0.0958084
0.105994
0.115699
0.123775
0.129162
0.130921
0.132099
0.134499
0.137362
0.142437
0.147641
0.148894
0.145826
0.138829
0.129006
0.120421
0.115413
0.113054
0.112347
0.111185
0.106282
0.0975181
0.0851454
0.0698467
0.055089
0.0426041
0.0318292
0.0220556
0.0120367
1.34716e-05
-0.0144857
-0.0296793
-0.0443147
-0.0579317
-0.0698614
-0.0805716
-0.0915241
-0.101649
-0.109994
-0.11762
-0.123052
-0.126376
-0.129533
-0.131378
-0.132989
-0.13548
-0.137238
-0.138448
-0.138594
-0.136437
-0.131439
-0.12402
-0.116334
-0.110035
-0.105627
-0.103282
-0.101874
