0.222695
0.116185
-0.0271651
-0.0611877
-0.0176778
0.0197368
0.00346042
-0.00700412
0.0321039
0.0764812
0.0588432
0.00327651
-0.0423646
-0.0326603
0.0267906
0.0651365
0.0469436
-0.00314209
-0.0408294
-0.0452897
-0.0304476
-0.0206119
-0.00362431
0.0411387
0.0730256
0.0522704
-0.00386192
-0.0534031
-0.0521538
-0.0174113
0.00175285
0.00630187
0.0129426
0.0168365
0.00570727
-0.0231358
-0.0436924
-0.0232161
0.0199018
0.0390304
0.0238357
-0.00559472
-0.0318929
-0.0456104
-0.0466389
-0.0380415
-0.0122562
0.0188074
0.0407063
0.0369937
0.000678367
-0.0338905
-0.0394891
-0.022593
-0.00542477
-0.00436524
-0.00783233
0.00243322
0.00602634
-0.0103174
-0.0206605
-0.010317
0.0133267
0.033708
0.0248146
-0.000187894
-0.0151547
-0.0251676
-0.0250254
-0.0134518
0.00152697
0.0204855
0.0336453
0.0264198
0.0138706
0.00234131
-0.011323
-0.0134283
-0.00648037
0.00664504
0.0187477
0.0144941
0.000460518
-0.0084647
-0.00721051
0.00560194
0.0210288
0.0223309
0.0142299
0.0101782
0.00310228
-0.0134715
-0.0255736
-0.0283648
-0.0143806
0.0174252
0.0327073
0.0239348
0.0050519
-0.0119729
-0.0121975
-0.00425763
-0.00850926
-0.010053
-0.000622898
0.00934688
0.0106176
-0.00728927
-0.0225748
-0.0138575
0.00551975
0.0134352
0.0125961
0.00559795
-0.00522595
-0.0108628
-0.0155684
-0.01958
-0.0195513
-0.0114735
0.00724275
0.0193537
0.00336104
-0.0198444
-0.0208334
-0.00802017
0.00110194
0.000524376
-0.00991538
-0.0132906
-0.00904927
-0.00975379
-0.0136914
-0.015651
-0.00554078
0.012639
0.0252181
0.0226916
0.00571229
-0.0160016
-0.0214742
-0.00874331
-0.00207026
-0.00252661
-0.00218659
0.0111318
0.0256106
0.0167944
-0.00419986
-0.00858016
0.00585119
0.0110615
-0.00407533
-0.0203914
-0.0154721
-0.000896099
0.00118967
-0.0102137
-0.00702748
0.0157724
0.0241085
0.0121851
-0.00627117
-0.0173615
-0.0124607
-0.0064773
-0.00135231
0.00315127
-0.00145836
0.00432034
0.0194123
0.0211322
0.00328346
-0.0161341
-0.0104092
0.0184267
0.0249208
-0.00361733
-0.0204717
-0.0092368
0.0131591
0.0137603
-0.0021946
-0.000672963
0.0172604
0.0254987
0.00954223
-0.00883683
-0.0172502
-0.0119311
0.00133915
0.00648045
0.0031416
-0.000252282
-0.000170346
0.00640851
0.00872559
-0.00493196
-0.00851854
0.00394825
0.0132263
0.00443658
-0.0140218
-0.0188205
-0.00725957
0.00267104
0.00494141
0.0091985
0.0108366
0.00956669
0.00597724
-0.00353071
-0.0126742
-0.0110743
-0.0036613
0.0002397
0.00194119
0.000873434
-0.00149174
-0.00198402
-0.00197836
0.000563037
0.00951254
0.0101687
-6.973e-05
-0.013812
-0.0229926
-0.0162455
-0.00663753
-0.00361776
-0.00269612
0.00295401
0.0116392
0.00985652
-0.00389333
-0.020181
-0.020162
-0.00616568
0.00621183
0.00205747
-0.0157635
-0.0165412
-0.00318595
0.00758307
0.00707574
0.000939996
0.0071735
0.0179675
0.0150227
-0.00759513
-0.0277606
-0.0196701
0.00802708
0.0231659
0.012454
0.000365166
0.00493711
0.0126823
0.00515884
-0.00838138
-0.0074858
0.00515345
0.0166142
0.0125815
-0.00495778
-0.0178342
-0.0151471
0.000764388
0.0122081
0.00790031
0.00714877
0.0132916
0.0124337
0.000332994
-0.0183904
-0.0215857
-0.00490659
0.00892781
0.00674444
0.00340455
0.00347886
0.00511954
0.00420688
-0.00354298
-0.00636085
0.000210145
0.0113546
0.00836932
-0.00990249
-0.0229276
-0.0171255
-0.0040604
-0.00215892
-0.00176671
0.00266485
0.0103598
0.0117912
-0.00647914
-0.0296061
-0.03442
