1.24183e-05
5.81704e-06
4.89037e-06
6.55372e-06
5.19399e-06
5.66803e-06
5.0785e-06
5.30295e-06
5.46221e-06
4.82053e-06
5.17722e-06
5.56745e-06
4.48339e-06
4.31854e-06
4.59701e-06
4.85778e-06
5.08036e-06
4.36977e-06
4.39864e-06
4.41726e-06
3.65824e-06
4.08012e-06
3.47104e-06
4.04287e-06
4.0438e-06
2.99513e-06
3.43844e-06
3.13576e-06
2.52202e-06
2.64402e-06
2.77348e-06
2.72226e-06
2.71481e-06
2.70456e-06
2.54251e-06
2.14297e-06
1.7602e-06
1.72202e-06
1.84029e-06
1.52178e-06
1.7602e-06
1.62888e-06
1.21351e-06
1.35135e-06
9.02452e-07
1.03004e-06
1.11945e-06
4.70318e-07
9.76957e-07
9.05246e-07
5.21541e-07
6.30505e-07
6.84522e-07
5.43892e-07
-5.21541e-08
-1.45286e-07
1.32248e-07
3.06405e-07
-3.41795e-07
-5.50412e-07
-8.19564e-08
-2.34693e-07
-1.83471e-07
-4.1537e-07
-3.39001e-07
-5.99772e-07
-8.85688e-07
-9.89996e-07
-9.24803e-07
-7.3947e-07
-1.57394e-06
-6.94767e-07
-7.01286e-07
-1.68849e-06
-8.91276e-07
-7.37607e-07
-9.34117e-07
-1.56462e-06
-1.6503e-06
-7.66478e-07
-1.14646e-06
-1.71829e-06
-1.37649e-06
-1.36998e-06
-1.56369e-06
-1.43424e-06
-1.58232e-06
-1.94367e-06
-1.89897e-06
-2.0992e-06
-1.61212e-06
-1.97347e-06
-1.83564e-06
-1.62888e-06
-1.62702e-06
-1.27032e-06
-2.007e-06
-2.16439e-06
-1.668e-06
-1.49757e-06
-1.83936e-06
-1.90176e-06
-1.9744e-06
-1.50222e-06
-2.10945e-06
-1.78628e-06
-1.84309e-06
-2.06847e-06
-1.56462e-06
-1.54786e-06
-1.41654e-06
-1.45379e-06
-2.11783e-06
-1.81515e-06
-1.39792e-06
-1.44355e-06
-1.66334e-06
-1.49664e-06
-1.46683e-06
-1.47894e-06
-1.56183e-06
-1.83657e-06
-1.50315e-06
-1.55438e-06
-1.31875e-06
-1.34576e-06
-1.24518e-06
-1.29174e-06
-1.22655e-06
-9.52743e-07
-1.28802e-06
-8.33534e-07
-1.00676e-06
-9.81614e-07
-2.51457e-07
-5.57862e-07
-1.07381e-06
-1.06636e-06
-7.18981e-07
-6.15604e-07
-4.97326e-07
-1.51806e-07
-4.95464e-07
-1.04308e-07
-2.94298e-07
-8.3819e-08
9.12696e-08
-8.00937e-08
7.17118e-08
2.1141e-07
5.51343e-07
7.37607e-07
3.54834e-07
-2.23517e-08
6.52857e-07
1.10269e-06
6.87316e-07
7.37607e-07
1.05239e-06
1.31316e-06
1.14925e-06
9.10833e-07
1.13249e-06
5.4203e-07
7.8883e-07
1.07102e-06
1.12783e-06
1.27591e-06
9.0152e-07
1.20886e-06
1.29454e-06
1.03284e-06
1.17812e-06
1.48267e-06
1.62143e-06
1.60933e-06
1.20513e-06
1.58139e-06
1.56835e-06
1.451e-06
1.21538e-06
1.2666e-06
1.57673e-06
1.33552e-06
1.17719e-06
1.37556e-06
1.02632e-06
8.12113e-07
1.03097e-06
1.14366e-06
1.51712e-06
1.61957e-06
1.44821e-06
1.54693e-06
1.4836e-06
1.08685e-06
1.08965e-06
8.42847e-07
6.64964e-07
1.00676e-06
8.13976e-07
5.9884e-07
3.57628e-07
7.45989e-07
6.29574e-07
1.6205e-07
2.468e-07
1.70432e-07
5.21541e-07
5.38304e-07
2.89641e-07
3.36207e-07
1.70432e-07
7.82311e-08
4.4331e-07
8.84756e-08
-1.45286e-07
-5.30854e-08
-1.4063e-07
5.30854e-08
-1.4063e-07
-5.37373e-07
-3.54834e-07
3.44589e-08
-2.56114e-07
-1.91852e-07
-5.4948e-08
-2.94298e-07
-6.32368e-07
-4.67524e-07
-9.87202e-08
-5.58794e-07
-1.05239e-06
-4.14439e-07
-1.78814e-07
-8.3074e-07
-8.2422e-07
-6.07222e-07
-1.02539e-06
-1.10548e-06
-8.25152e-07
-9.25735e-07
-6.89179e-07
-1.06264e-06
-8.93138e-07
-6.15604e-07
-1.44076e-06
-1.53854e-06
-1.20606e-06
-1.13063e-06
-1.26474e-06
-1.40071e-06
-1.09058e-06
-9.89065e-07
-1.0049e-06
-1.39978e-06
-1.2191e-06
-1.20979e-06
-1.65962e-06
-1.4659e-06
-1.16788e-06
-1.27219e-06
-1.92598e-06
-1.55531e-06
-1.30292e-06
-1.26567e-06
-1.2368e-06
-1.42027e-06
-1.44169e-06
-1.18744e-06
-1.43889e-06
-1.79186e-06
-1.45286e-06
-1.4957e-06
-1.68104e-06
-1.20886e-06
-1.08965e-06
-1.31875e-06
-1.4687e-06
-1.63354e-06
-1.12969e-06
-1.61305e-06
-1.7453e-06
-1.15018e-06
-1.21538e-06
-1.3588e-06
-1.10641e-06
-1.14273e-06
-1.12876e-06
-1.41095e-06
-1.21258e-06
-1.09151e-06
-1.2666e-06
-9.6485e-07
-7.22706e-07
-1.15018e-06
-1.48173e-06
-1.08313e-06
-1.03191e-06
-7.08736e-07
