0.0123126
0.0117916
0.0109677
0.0102287
0.00966433
0.0094574
0.00937509
0.00926229
0.00898256
0.00854484
0.00807723
0.00759907
0.00717577
0.00681706
0.00638838
0.00581715
0.00516138
0.00446536
0.00382295
0.00337095
0.00298278
0.00260635
0.00220631
0.00174291
0.00131392
0.000875636
0.00039055
-9.48291e-05
-0.000583715
-0.00106306
-0.00145979
-0.00177359
-0.00205329
-0.00223896
-0.00237134
-0.00251879
-0.0026318
-0.00278833
-0.00301651
-0.00322559
-0.00335456
-0.00345494
-0.00359968
-0.00370285
-0.00376108
-0.00380882
-0.00384874
-0.00388798
-0.00391868
-0.00394975
-0.00396661
-0.0039752
-0.00398641
-0.00400719
-0.00403845
-0.00406275
-0.00408677
-0.00410685
-0.00410491
-0.00407912
-0.00404457
-0.00400333
-0.00394208
-0.00390409
-0.00389602
-0.00388085
-0.00386448
-0.00383153
-0.00376719
-0.0036865
-0.00357808
-0.00347153
-0.00336312
-0.00323267
-0.0031077
-0.00297565
-0.00282198
-0.00264724
-0.00246673
-0.00226896
-0.00205799
-0.00185447
-0.00165982
-0.00144943
-0.00121632
-0.000979681
-0.000738204
-0.000491825
-0.000253055
-3.15206e-05
0.000175103
0.000365322
0.000549834
0.000726808
0.000890183
0.0010665
0.00125086
0.00140367
0.00153529
0.00165842
0.00174606
0.00181911
0.00187905
0.001913
0.00192098
0.00191034
0.00189117
0.00185324
0.0017905
0.00171821
0.00162166
0.00149821
0.0013686
0.00123194
0.00108661
0.000915914
0.000734852
0.00054724
0.000354362
0.000150252
-4.71631e-05
-0.000233668
-0.000439589
-0.000643279
-0.000823408
-0.00101765
-0.00121104
-0.00139696
-0.00157994
-0.00175113
-0.00192779
-0.00209354
-0.00224783
-0.00240311
-0.00254159
-0.00266123
-0.00276635
-0.00285394
-0.00293728
-0.00300276
-0.0030592
-0.00311371
-0.00315505
-0.00318419
-0.00321166
-0.00322715
-0.00321804
-0.00319782
-0.0031665
-0.00312046
-0.00307217
-0.00301475
-0.00294903
-0.00287462
-0.00277631
-0.00267419
-0.0025711
-0.0024563
-0.00233128
-0.00220413
-0.00207429
-0.00193244
-0.0017841
-0.00164054
-0.00148037
-0.00129143
-0.00109968
-0.000905673
-0.000709654
-0.000516477
-0.000326785
-0.000134617
6.97719e-05
0.000281772
0.000492486
0.000721381
0.000957368
0.00118599
0.00141336
0.00163976
0.00186446
0.00208541
0.00229561
0.00250202
0.00269038
0.00287085
0.00306289
0.00325141
0.00343461
0.00361339
0.00378262
0.00393169
0.00406239
0.00417195
0.00427337
0.00436137
0.00442243
0.00447068
0.00450526
0.00452033
0.00451623
0.00450081
0.00448439
0.00445572
0.00441227
0.0043589
0.00428205
0.00417649
0.00404706
0.00390623
0.00374362
0.00356047
0.00337676
0.00320089
0.00302407
0.00284115
0.00266678
0.0024834
0.00228989
0.00209772
0.00189956
0.00169986
0.00150478
0.00131772
0.00114029
0.000947861
0.000759951
0.00057375
0.000393129
0.000231041
7.46064e-05
-6.82175e-05
-0.00020206
-0.000341507
-0.000476102
-0.000600525
-0.000734805
-0.000866847
-0.000978801
-0.00107575
-0.00116279
-0.00125009
-0.00132768
-0.00140534
-0.00148999
-0.00155518
-0.0016178
-0.00168863
-0.00175215
-0.00182306
-0.00188551
-0.00193989
-0.0019968
-0.0020558
-0.0021191
-0.00217853
-0.00223032
-0.00227883
-0.00231966
-0.00235336
-0.00238667
-0.00241397
-0.00243805
-0.00246713
-0.00249998
-0.00252931
-0.00254847
-0.00254218
-0.00253031
-0.00250148
-0.00246889
-0.0024347
-0.00238309
-0.00232905
-0.00226778
-0.00220791
-0.00213311
-0.0020481
-0.00195693
-0.00185024
-0.0017403
-0.00162768
-0.00149898
-0.00137264
-0.00123074
-0.00108155
-0.000932129
-0.000781481
-0.000637118
-0.000481589
-0.000340521
-0.00020628
-7.44127e-05
5.08931e-05
0.000183729
0.000319899
0.000448888
0.000566462
0.000667321
0.000771993
