0.165718
0.0509096
-0.0999205
-0.0835457
0.0524599
0.120865
0.0282434
-0.0802012
-0.0629341
0.045308
0.0895677
0.0139043
-0.065709
-0.0481902
0.0355939
0.0687963
0.00854579
-0.0548604
-0.0353663
0.0307003
0.0481258
-0.000926534
-0.0451952
-0.0220185
0.0325382
0.0411701
-0.00636026
-0.0420273
-0.0144238
0.0300252
0.0250898
-0.0148106
-0.0278769
0.00169141
0.0244359
0.00682254
-0.0184267
-0.0143479
0.0101673
0.016965
-0.0012541
-0.0137587
-0.00904141
0.00663337
0.0103303
-0.00492128
-0.0102461
-0.00416997
0.00538443
0.00901169
0.000338732
-0.00911474
-0.008861
0.00372588
0.0105631
0.00383592
-0.00694489
-0.0109597
-0.00104555
0.0121431
0.00763321
-0.00941854
-0.0142378
0.000506299
0.0161223
0.00554163
-0.0115436
-0.00952902
0.00181627
0.0102411
0.00475851
-0.00512997
-0.00514122
0.00140413
0.00431008
0.0032295
0.00320238
-0.0010798
-0.00440016
-0.000276766
0.00671672
0.0096747
0.0026849
-0.00789117
-0.00782873
0.00416477
0.00927955
0.00313904
-0.0047084
-0.00542755
-0.000445292
0.00295683
0.00850252
0.00341444
-0.0106349
-0.0115167
0.00416324
0.0156918
0.00196237
-0.0175714
-0.0136828
0.00702153
0.0162893
-0.00127613
-0.0211034
-0.011587
0.012355
0.0158454
-0.00782424
-0.0253679
-0.00768687
0.0191655
0.0138196
-0.013989
-0.0210997
0.00116852
0.0183961
0.0101754
-0.0118387
-0.0176673
-0.000183914
0.0150308
0.00857179
-0.0118115
-0.0196653
-0.00106142
0.0192401
0.00847831
-0.0182559
-0.0224731
0.00470577
0.0248063
0.00512894
-0.0257757
-0.0255986
0.0104366
0.033217
0.00425241
-0.0314217
-0.0257534
0.0137632
0.0331728
0.00382176
-0.0287876
-0.022749
0.0111841
0.0265523
0.00511033
-0.0202289
-0.0180559
0.00409106
0.0182393
0.00823009
-0.0136056
-0.0191275
-0.000180437
0.0160333
0.00663584
-0.0130631
-0.0148277
0.0010383
0.0120653
0.00580145
-0.00817445
-0.0103142
-0.000261801
0.0067292
0.00462935
-0.000949666
-0.00166624
0.00114215
0.0029711
0.00417629
0.00162295
0.00203301
0.00464605
0.000842198
-0.00337959
0.000157261
0.00849336
0.00698266
-0.00446504
-0.00991114
-0.0036285
0.0122116
0.0148757
-0.00597936
-0.0198043
-0.00664337
0.0172422
0.0176666
-0.0103552
-0.0260589
-0.00360009
0.0268459
0.0210292
-0.015262
-0.0307332
-0.00487909
0.0289572
0.0249733
-0.0176243
-0.0371773
-0.00419267
0.0320851
0.0222406
-0.0193066
-0.0359773
-0.00188675
0.0350604
0.0209783
-0.0220479
-0.0330293
0.00078152
0.0298758
0.0154782
-0.0195938
-0.0264144
0.00469554
0.0260154
0.0069652
-0.0197132
-0.014961
0.012498
0.0202077
-0.000904397
-0.0168787
-0.00657183
0.0159054
0.0158793
-0.00739195
-0.0141715
0.0049608
0.0196875
0.00911855
-0.0121876
-0.0137873
0.00803326
0.022683
0.00716068
-0.0154047
-0.0125611
0.0105937
0.0213327
0.00290929
-0.0154639
-0.00801447
0.0110994
0.0157893
0.000271042
-0.0130546
-0.00677719
0.0113371
0.015684
-0.000311272
-0.0118684
-0.00473425
0.01045
0.0119883
-0.00189996
-0.00987412
-0.00207044
0.00896922
0.0065815
-0.00262915
-0.00699244
-0.00167854
0.00588732
0.00193715
-0.00458903
-0.00395723
-2.47275e-05
0.00279955
-0.000409401
-0.00561611
-0.0034987
0.00425095
0.00523375
-0.00270618
-0.00804787
-0.00584622
0.00165494
0.00628175
-0.000936519
-0.0100989
-0.00601961
0.00356183
0.00634131
-0.00288932
-0.0126621
-0.0060336
0.00694716
0.00726882
-0.00606778
-0.0137994
-0.00336371
0.00922278
0.00396405
-0.00970874
-0.00988677
