0.710834
0.679369
0.625356
0.587862
0.560055
0.51524
0.436626
0.352366
0.29321
0.252735
0.197508
0.118598
0.0465684
0.00333868
-0.0218002
-0.0597024
-0.115505
-0.159271
-0.173706
-0.174393
-0.184148
-0.2004
-0.203627
-0.18496
-0.161017
-0.154721
-0.15775
-0.147518
-0.121329
-0.0984545
-0.093001
-0.0919131
-0.0785583
-0.0550361
-0.0392027
-0.0393291
-0.0403865
-0.029142
-0.0127931
-0.0096228
-0.0215284
-0.0297502
-0.023436
-0.0149572
-0.0202949
-0.0358494
-0.0456953
-0.0435534
-0.0428425
-0.0577436
-0.0798921
-0.0913814
-0.0896289
-0.0902104
-0.105454
-0.124416
-0.13037
-0.12386
-0.120207
-0.127783
-0.134844
-0.128846
-0.112807
-0.101278
-0.100405
-0.0992811
-0.0857264
-0.0639868
-0.0494609
-0.0445353
-0.0388339
-0.0239123
-0.0045746
0.00599886
0.00829117
0.0125176
0.023283
0.0340644
0.0344433
0.0267541
0.021656
0.0226658
0.0220247
0.0117048
-0.00384799
-0.0153095
-0.0228447
-0.0339951
-0.0516418
-0.0708497
-0.0845548
-0.0928696
-0.103626
-0.118281
-0.131199
-0.136581
-0.134562
-0.131958
-0.130927
-0.126897
-0.114804
-0.0974445
-0.0811973
-0.0662429
-0.0487615
-0.0250433
0.00300792
0.0295491
0.0529066
0.0784043
0.108865
0.140383
0.1689
0.192168
0.213066
0.233469
0.249249
0.257342
0.255494
0.247735
0.239896
0.22895
0.212319
0.191008
0.168498
0.14815
0.128934
0.108767
0.0866937
0.0653043
0.0466462
0.029481
0.0126142
-0.00521749
-0.0217149
-0.0328341
-0.0404596
-0.0469046
-0.0516044
-0.0545817
-0.0540645
-0.0504193
-0.0477874
-0.046963
-0.0458534
-0.0431709
-0.0399746
-0.0393377
-0.040572
-0.0407053
-0.0383508
-0.0351339
-0.0352131
-0.0373109
-0.0372183
-0.0343895
-0.0319281
-0.0323183
-0.0337211
-0.0332607
-0.0298043
-0.0275713
-0.0288334
-0.0295358
-0.0269532
-0.0214089
-0.0173274
-0.0165689
-0.0160453
-0.0125042
-0.0068038
-0.0040509
-0.00382739
-0.00314393
-9.38596e-05
0.00465817
0.00579296
0.00345099
0.00208883
0.00479078
0.00882721
0.00918431
0.00682807
0.00407129
0.00425368
0.0058801
0.00397708
-0.00014857
-0.00326233
-0.00299386
-0.00152667
-0.00274813
-0.00638643
-0.00955513
-0.00946393
-0.00817264
-0.00822874
-0.0103726
-0.0132522
-0.0136255
-0.0124752
-0.0117053
-0.0119785
-0.0125429
-0.0113284
-0.0084025
-0.00555508
-0.00535142
-0.00643771
-0.00666413
-0.00568387
-0.00371412
-0.00419998
-0.00631797
-0.00688451
-0.00594942
-0.00448415
-0.00387545
-0.00411067
-0.00473035
-0.0035171
-0.00155386
-0.00265975
-0.00482752
-0.0064356
-0.00681598
-0.0053948
-0.00501269
-0.00716393
-0.00861228
-0.00757237
-0.00672126
-0.00614449
-0.00632254
-0.00740837
-0.00618993
-0.00469985
-0.00584907
-0.00802944
-0.00895819
-0.00826236
-0.00684128
-0.00556591
-0.00606427
-0.00618938
-0.00456808
-0.00383595
-0.00346262
-0.00291371
-0.00235983
-0.00102167
0.000253196
0.000313272
0.000309648
0.00129715
0.00212255
0.00320237
0.00473421
0.00586338
0.00644553
0.00607047
0.00568173
0.00576894
0.00620875
0.00663154
0.00593957
0.00493698
0.00447018
0.00428312
0.00358163
0.00233904
0.00170039
0.00174122
0.00199263
0.00138239
-0.000216722
-0.0019667
-0.00306216
-0.00285478
-0.00274343
-0.00382648
-0.00534419
-0.00584597
-0.00577489
-0.0064853
-0.00755498
-0.00844428
-0.00774482
-0.00604245
-0.0052849
-0.00499562
-0.00502588
-0.00422934
-0.00180492
0.00030024
0.000898422
0.00132512
0.00287489
0.004531
0.00530885
