0.150354
0.14545
0.131641
0.110588
0.0843453
0.055005
0.0246441
-0.00446783
-0.0301215
-0.0506133
-0.0652079
-0.0739856
-0.0775856
-0.0767979
-0.0724705
-0.065658
-0.0574392
-0.048812
-0.0404138
-0.0324355
-0.0246857
-0.0167978
-0.00842991
0.000616427
0.0103314
0.0205915
0.0311176
0.0414517
0.050839
0.0582697
0.0627178
0.0634319
0.060108
0.0527977
0.0417984
0.0276181
0.0111014
-0.00651743
-0.0237939
-0.03938
-0.0522758
-0.0618475
-0.0677188
-0.0697372
-0.0680333
-0.0631108
-0.0557738
-0.0469446
-0.0374679
-0.0279995
-0.0190089
-0.0108071
-0.00355685
0.00274662
0.00822687
0.0131118
0.0176399
0.0219437
0.0260002
0.0296088
0.032467
0.034256
0.0347098
0.033581
0.0306714
0.0258849
0.0193242
0.0113842
0.00266148
-0.00616741
-0.0144529
-0.0216077
-0.0270926
-0.030458
-0.0314332
-0.0300146
-0.0264759
-0.0212913
-0.0149979
-0.00814837
-0.00129036
0.00505658
0.0104486
0.0145888
0.0173831
0.0189182
0.0194015
0.019081
0.0181736
0.0169065
0.0154549
0.0139628
0.0124979
0.0110029
0.00934494
0.0073619
0.00492512
0.00199519
-0.001379
-0.00509467
-0.0089881
-0.0128398
-0.0163654
-0.0192228
-0.021107
-0.021819
-0.0213018
-0.0196194
-0.0169031
-0.0133409
-0.00919038
-0.00480502
-0.00056817
0.00315076
0.00613322
0.00828396
0.00957692
0.0100508
0.00977842
0.00891658
0.00768617
0.00633997
0.00504978
0.00390802
0.00294401
0.00213038
0.00147972
0.000942233
0.000482393
2.57986e-05
-0.000505767
-0.00112377
-0.00177386
-0.00232474
-0.00266588
-0.00268123
-0.00236473
-0.0017003
-0.000690872
0.000632306
0.00224388
0.0039643
0.00557604
0.00688727
0.00780417
0.00831658
0.00840247
0.00799369
0.00706169
0.00573507
0.00421796
0.00277207
0.00156069
0.00055424
-0.000252173
-0.000812726
-0.00114101
-0.00124124
-0.00118284
-0.00105842
-0.000906711
-0.000743969
-0.000567476
-0.000381765
-0.000199875
-5.27296e-05
5.01154e-05
0.000102322
9.73772e-05
3.7224e-05
-8.90708e-05
-0.000272627
-0.000516028
-0.000788484
-0.00106521
-0.00132477
-0.0015353
-0.0017017
-0.00181395
-0.0018677
-0.00185865
-0.00178193
-0.00164668
-0.00148038
-0.00130052
-0.00111163
-0.000919932
-0.000723998
-0.000542634
-0.000383214
-0.000251993
-0.000148971
-6.02948e-05
1.49738e-05
6.973e-05
0.000104384
0.000117419
0.00011852
0.000108593
8.146e-05
3.40976e-05
-4.04716e-05
-0.000140727
-0.000270849
-0.000421752
-0.000589597
-0.000763532
-0.000934036
-0.00108639
-0.00120394
-0.00127507
-0.00127572
-0.00120921
-0.00107329
-0.000893005
-0.000676049
-0.000441926
-0.000202809
2.42721e-05
0.000199722
0.000319114
0.000372367
0.000375366
0.000337458
0.000266125
0.000166559
4.6459e-05
-7.09947e-05
-0.000178292
-0.000263139
-0.000332826
-0.000401117
-0.000466453
-0.000529415
-0.00058968
-0.000653778
-0.000726533
-0.000809295
-0.000891397
-0.000959155
-0.000999914
-0.00100471
-0.000968757
-0.000890999
-0.000767932
-0.000603355
-0.000411243
-0.00019961
1.02716e-05
0.000198988
0.000354532
0.000463096
0.000525482
0.000544503
0.000517487
0.000455601
0.00037515
0.00029606
0.000232712
0.000192404
0.000177343
0.000183672
0.000213768
0.000260547
0.000315081
0.000364961
0.000393777
0.000407485
0.000395304
0.000365898
0.000320944
0.000271316
0.000226937
0.000195942
0.00018963
0.000210974
0.000272881
0.000365173
0.000487356
0.000621818
0.000754632
0.000880723
0.000981941
0.00105558
0.00108495
0.00106791
0.000998507
0.000891035
0.00075982
0.000610401
0.000460547
0.00030938
0.000171395
5.90673e-05
-1.72714e-05
-5.64773e-05
-7.88514e-05
-8.56863e-05
-8.22507e-05
-6.75833e-05
