1.08443e-05
4.88665e-06
3.95346e-06
4.61098e-06
3.60608e-06
4.17698e-06
4.03449e-06
3.74485e-06
3.71505e-06
3.91714e-06
3.86033e-06
3.4282e-06
3.27919e-06
3.79141e-06
3.23262e-06
2.98675e-06
3.35369e-06
3.66475e-06
3.24845e-06
2.63192e-06
2.61515e-06
2.79769e-06
2.82656e-06
2.73436e-06
2.78372e-06
2.47918e-06
2.80142e-06
2.27056e-06
2.4559e-06
2.17743e-06
2.47359e-06
2.21375e-06
1.8198e-06
2.76882e-06
2.59932e-06
3.13297e-06
2.71946e-06
1.89431e-06
2.67755e-06
2.45497e-06
2.38698e-06
2.27895e-06
1.98185e-06
1.9474e-06
2.2063e-06
2.15415e-06
1.75368e-06
2.0396e-06
1.70805e-06
1.75089e-06
2.4084e-06
1.72108e-06
2.12435e-06
2.1914e-06
1.18092e-06
1.47801e-06
1.62702e-06
1.53203e-06
1.64658e-06
1.74344e-06
1.70991e-06
1.885e-06
1.66427e-06
2.31061e-06
1.93715e-06
1.31875e-06
1.51712e-06
1.07288e-06
1.26939e-06
1.97534e-06
1.88965e-06
1.36066e-06
1.27405e-06
1.51433e-06
1.41934e-06
1.08685e-06
9.98378e-07
1.234e-06
1.53482e-06
1.21631e-06
1.0198e-06
8.06525e-07
5.30854e-07
7.95349e-07
4.07919e-07
7.43195e-07
8.45641e-07
4.88944e-07
5.0012e-07
1.07102e-07
5.52274e-07
5.57862e-07
1.13621e-07
1.98372e-07
9.96515e-08
3.47383e-07
-1.10827e-07
1.73226e-07
4.33996e-07
2.13273e-07
2.7474e-07
1.76951e-08
9.77889e-08
6.50994e-07
6.2678e-07
5.24335e-07
4.31202e-07
6.98492e-08
6.02566e-07
2.16998e-07
-1.19209e-07
5.65313e-07
8.10251e-08
5.62519e-07
2.68221e-07
-2.12342e-07
3.03611e-07
-3.39933e-07
-4.07919e-07
-7.17118e-08
-5.72763e-07
-1.43424e-07
-5.4948e-08
-1.18278e-07
8.47504e-08
7.35745e-08
2.63564e-07
-2.44007e-07
-5.68107e-08
6.70552e-08
-2.2538e-07
-3.56697e-07
-2.13273e-07
2.40281e-07
-4.80562e-07
-6.32368e-07
-3.28757e-07
-3.97675e-07
9.31323e-09
2.5332e-07
-8.00937e-08
6.98492e-08
-1.08033e-07
-1.19209e-07
-5.39236e-07
-8.34465e-07
-5.87665e-07
-2.80328e-07
-3.0268e-07
-1.96509e-07
-4.07919e-07
-5.78351e-07
-8.13045e-07
-7.64616e-07
-4.58211e-07
-6.66827e-07
-8.56817e-07
-8.49366e-07
-9.56468e-07
-1.1567e-06
-9.24803e-07
-8.98726e-07
-1.48267e-06
-1.14273e-06
-7.09668e-07
-9.99309e-07
-1.0971e-06
-1.2489e-06
-1.55345e-06
-1.0496e-06
-1.75368e-06
-1.2666e-06
-1.0021e-06
-1.35973e-06
-9.03383e-07
-1.27032e-06
-1.44262e-06
-1.10921e-06
-1.53296e-06
-1.79e-06
-1.89897e-06
-1.33738e-06
-1.35601e-06
-1.49943e-06
-1.76858e-06
-1.76765e-06
-1.36066e-06
-1.54786e-06
-1.31689e-06
-1.30292e-06
-1.11759e-06
-1.58604e-06
-1.61212e-06
-1.41189e-06
-1.47708e-06
-1.65589e-06
-1.77324e-06
-2.35718e-06
-1.76579e-06
-1.24145e-06
-1.66241e-06
-1.82353e-06
-1.112e-06
-1.19768e-06
-1.31316e-06
-1.5134e-06
-1.70339e-06
-1.48732e-06
-1.79093e-06
-1.81608e-06
-1.7127e-06
-1.48825e-06
-1.30478e-06
-1.83471e-06
-1.4808e-06
-1.69221e-06
-1.13342e-06
-1.05891e-06
-1.5432e-06
-1.37743e-06
-1.85426e-06
-1.48639e-06
-1.49291e-06
-1.61398e-06
-8.74512e-07
-1.37556e-06
-1.35321e-06
-9.02452e-07
-1.25077e-06
-1.54879e-06
-1.40257e-06
-1.75834e-06
-1.26567e-06
-1.05146e-06
-9.90927e-07
-1.33645e-06
-1.52271e-06
-8.04663e-07
-5.61588e-07
-9.52743e-07
-9.63919e-07
-1.03563e-06
-1.02352e-06
-1.01235e-06
-7.52509e-07
-8.20495e-07
-1.0822e-06
-8.78237e-07
-1.42492e-06
-1.38488e-06
-8.12113e-07
-7.0408e-07
-5.90459e-07
-1.00955e-06
-9.36911e-07
-7.51577e-07
-9.62988e-07
-1.02632e-06
-1.24332e-06
-1.0021e-06
-6.02566e-07
-6.73346e-07
-7.02217e-07
-5.93252e-07
-8.47504e-07
-8.28877e-07
-8.43778e-07
-5.88596e-07
-7.255e-07
-1.07568e-06
-1.07754e-06
-8.90344e-07
-6.92904e-07
-5.61588e-07
-8.20495e-07
-7.38539e-07
-4.88013e-07
-5.57862e-07
-6.02566e-07
-8.10251e-07
-5.54137e-07
-9.08971e-07
-9.6485e-07
-6.7614e-07
-8.65199e-07
-6.74278e-07
-6.80797e-07
-5.66244e-07
-7.72998e-07
-7.51577e-07
-5.15953e-07
-7.84174e-07
-9.51812e-07
-5.48549e-07
-5.67175e-07
-6.45407e-07
-4.93601e-08
2.24449e-07
-6.10948e-07
-3.61353e-07
