0.117788
0.102528
0.0786662
0.0698329
0.0742137
0.0794728
0.0771554
0.0720567
0.0722344
0.0754348
0.0724723
0.0617614
0.0488843
0.0403019
0.0409253
0.0475334
0.0493034
0.0417114
0.0304655
0.0221903
0.018295
0.0165068
0.0136186
0.0102633
0.00889857
0.00928269
0.00853399
0.00319918
-0.0052401
-0.010941
-0.00982492
-0.00521388
-0.00505884
-0.00957076
-0.0138639
-0.0158679
-0.0155021
-0.0151383
-0.0161273
-0.0184241
-0.0201953
-0.0201582
-0.0204309
-0.0240375
-0.0300281
-0.0322834
-0.0284047
-0.0238559
-0.0253247
-0.0317155
-0.0369125
-0.0379947
-0.0372302
-0.0380902
-0.0408303
-0.0430338
-0.0438739
-0.0447895
-0.0468698
-0.0505188
-0.0538478
-0.0539073
-0.0511987
-0.0487854
-0.0482408
-0.0507358
-0.0549156
-0.0572087
-0.0567054
-0.0539075
-0.051655
-0.0517224
-0.0517652
-0.0502295
-0.0483934
-0.0481779
-0.0490854
-0.0489991
-0.0456828
-0.0402077
-0.0368044
-0.0367384
-0.0378436
-0.0366457
-0.0326313
-0.0293678
-0.0283762
-0.0272682
-0.0246078
-0.0219328
-0.0208317
-0.020302
-0.0177431
-0.0135242
-0.0107501
-0.0102045
-0.0103203
-0.00976775
-0.00907306
-0.00868533
-0.00695548
-0.00367552
-0.000612873
0.000672469
-3.1583e-05
-0.00103343
-0.00126173
0.000275875
0.0033919
0.00559764
0.00676073
0.00814368
0.00922124
0.00903964
0.00824252
0.00832431
0.0114784
0.0171612
0.0213117
0.0222528
0.0220737
0.0226993
0.0247675
0.0282089
0.03131
0.0338583
0.0377065
0.0412817
0.0430796
0.0436269
0.0436165
0.0454477
0.049312
0.0529698
0.0546056
0.0548241
0.0547519
0.0538748
0.0527381
0.0533768
0.0555032
0.0570251
0.0570073
0.0557622
0.0540132
0.0523714
0.0499851
0.0472097
0.0460539
0.0458636
0.0446963
0.0414958
0.037471
0.0340842
0.0323997
0.0313381
0.0295601
0.0275347
0.0243217
0.0200924
0.0162079
0.0130478
0.0113479
0.010897
0.010078
0.00858476
0.00658756
0.00374755
-0.000140932
-0.00359855
-0.00484731
-0.00332037
-0.00143341
-0.00237077
-0.00593037
-0.00978402
-0.011974
-0.0124655
-0.0122907
-0.0127119
-0.0133459
-0.012702
-0.0124513
-0.0152168
-0.0202967
-0.0241286
-0.0233084
-0.019388
-0.0171975
-0.0196229
-0.0243919
-0.0274305
-0.0281657
-0.0287251
-0.0305319
-0.0318465
-0.03084
-0.0287608
-0.0292396
-0.0341613
-0.040532
-0.0436465
-0.0416413
-0.0370482
-0.0341834
-0.0343809
-0.0363246
-0.0388063
-0.0415084
-0.043966
-0.0451498
-0.0441272
-0.0398983
-0.0348318
-0.0328389
-0.0340709
-0.0363455
-0.0377233
-0.0367099
-0.0332161
-0.0288722
-0.0254331
-0.0242768
-0.0245384
-0.0236835
-0.0218541
-0.0207639
-0.0199697
-0.0172892
-0.0123739
-0.008388
-0.00798921
-0.00972342
-0.00989366
-0.00728808
-0.00392446
-0.0010886
0.00120245
0.00253775
0.00275031
0.00245675
0.00262793
0.0036484
0.00540254
0.00733251
0.00877909
0.00932074
0.00890309
0.00772255
0.00676202
0.00802391
0.0115019
0.0147385
0.0160716
0.0157589
0.015135
0.0150841
0.0153406
0.0158042
0.0172277
0.0192454
0.0207379
0.0218829
0.0224951
0.0220034
0.0211545
0.0218837
0.0254352
0.0294826
0.0302211
0.0281975
0.0273571
0.028896
0.0301062
0.0296291
0.0293413
0.0307692
0.0326376
0.0323868
0.0300794
0.0281216
0.0278564
0.0283269
0.0288901
0.0286625
0.0277693
0.0268669
0.0248394
0.0220222
0.0204341
0.0206299
0.0206934
0.0189801
0.0161566
0.0133504
0.0110796
0.00940375
0.00792276
0.00684478
0.00642429
