9.4194e-06
4.09037e-06
2.89083e-06
3.99444e-06
2.96254e-06
3.30713e-06
3.3509e-06
3.6722e-06
3.26615e-06
2.65799e-06
3.22983e-06
3.32016e-06
2.86382e-06
2.94019e-06
2.68314e-06
2.15694e-06
2.31527e-06
2.37674e-06
2.38139e-06
2.20723e-06
2.17836e-06
2.32924e-06
1.91759e-06
1.86637e-06
1.59908e-06
1.63261e-06
2.0219e-06
1.84029e-06
2.03773e-06
1.65962e-06
1.39233e-06
1.78535e-06
1.34576e-06
1.12969e-06
1.30665e-06
1.19302e-06
9.7882e-07
1.34483e-06
1.573e-06
9.27597e-07
7.22706e-07
8.75443e-07
7.50646e-07
8.98726e-07
4.91738e-07
4.00469e-07
6.53788e-07
6.65896e-07
7.87899e-07
7.82311e-07
1.24518e-06
5.85802e-07
4.99189e-07
1.02725e-06
8.18633e-07
6.0536e-07
7.29226e-07
7.50646e-07
8.32602e-07
1.34762e-06
1.25915e-06
1.05519e-06
8.06525e-07
1.14739e-06
1.1446e-06
7.14324e-07
1.12876e-06
7.49715e-07
3.40864e-07
6.84522e-07
1.49943e-07
2.35625e-07
6.07222e-07
2.96161e-07
2.01166e-07
3.25963e-08
4.28408e-07
-8.3819e-09
-2.93367e-07
2.28174e-07
-1.01514e-07
-1.49943e-07
-2.02097e-07
-6.25849e-07
-1.95578e-08
-2.03028e-07
-4.41447e-07
-3.91155e-08
-4.74043e-07
-2.81259e-07
-4.73112e-07
-5.78351e-07
-5.50412e-07
-7.65547e-07
-4.65661e-08
-5.46686e-07
-1.00117e-06
-4.61005e-07
-6.35162e-07
-1.20979e-06
-4.41447e-07
-3.52971e-07
-6.89179e-07
-7.79517e-07
-7.49715e-07
-5.76489e-07
-9.63919e-07
-5.32717e-07
-2.61702e-07
-1.00955e-06
-7.68341e-07
-5.34579e-07
-5.94184e-07
-4.62867e-07
-5.25266e-07
-3.91155e-07
-5.68107e-07
-4.98258e-07
-3.63216e-08
9.96515e-08
-1.80677e-07
6.51926e-09
3.00817e-07
-1.13621e-07
-2.56114e-07
4.09782e-08
3.72529e-08
-1.49943e-07
1.45286e-07
7.54371e-08
-1.03377e-07
-2.61702e-07
4.84288e-08
-1.36904e-07
-5.86733e-08
-4.56348e-08
-2.65427e-07
-4.59142e-07
-1.17347e-07
-1.30385e-08
-1.79745e-07
-2.77534e-07
-3.85568e-07
-6.72415e-07
-4.19095e-07
-2.06754e-07
-4.08851e-07
-3.89293e-07
-4.014e-07
-7.29226e-07
-3.60422e-07
-3.88362e-07
-1.09337e-06
-6.38887e-07
-9.30391e-07
-8.79169e-07
-8.25152e-07
-1.00862e-06
-1.19675e-06
-1.20606e-06
-1.00117e-06
-1.29826e-06
-1.51992e-06
-1.70525e-06
-1.56648e-06
-1.64192e-06
-1.72947e-06
-1.15484e-06
-1.22562e-06
-1.45566e-06
-1.58418e-06
-1.25542e-06
-1.49757e-06
-1.59815e-06
-1.44914e-06
-1.53109e-06
-1.26474e-06
-1.28057e-06
-1.19396e-06
-1.4212e-06
-1.51712e-06
-1.33552e-06
-1.00676e-06
-1.19209e-06
-1.41282e-06
-1.2489e-06
-1.34576e-06
-1.33552e-06
-9.36911e-07
-1.234e-06
-1.49757e-06
-1.45566e-06
-1.57021e-06
-1.85147e-06
-1.42679e-06
-1.10548e-06
-1.61771e-06
-1.55065e-06
-1.04215e-06
-1.59349e-06
-1.78162e-06
-1.74809e-06
-1.55624e-06
-1.49105e-06
-1.78069e-06
-1.05239e-06
-1.17254e-06
-1.62516e-06
-1.15857e-06
-1.26939e-06
-1.47801e-06
-1.46776e-06
-1.41934e-06
-1.80956e-06
-1.44262e-06
-1.50874e-06
-1.51992e-06
-1.31875e-06
-1.67359e-06
-1.38488e-06
-1.73692e-06
-2.11596e-06
-1.78721e-06
-1.668e-06
-1.75927e-06
-1.73505e-06
-1.47521e-06
-1.66986e-06
-1.70618e-06
-1.61026e-06
-1.75368e-06
-1.70246e-06
-1.38022e-06
-1.66427e-06
-1.4063e-06
-9.22941e-07
-1.06636e-06
-1.53668e-06
-1.32527e-06
-1.03936e-06
-9.49018e-07
-1.01048e-06
-9.49018e-07
-8.13976e-07
-9.72301e-07
-7.05011e-07
-1.01607e-06
-7.45058e-07
-6.87316e-07
-9.49949e-07
-1.02911e-06
-7.82311e-07
-2.63564e-07
-3.1013e-07
-5.62519e-07
-5.9139e-07
-5.31785e-07
-7.63685e-07
-5.53206e-07
-5.46686e-07
-7.61822e-07
-2.24449e-07
-3.46452e-07
-5.27129e-07
-1.8999e-07
-4.53554e-07
-1.88127e-07
-1.67638e-07
-5.20609e-07
-1.42492e-07
-5.4948e-08
-2.34693e-07
-3.35276e-08
-3.3062e-07
-2.10479e-07
9.59262e-08
-4.84288e-08
-2.6729e-07
-1.78814e-07
-1.6205e-07
-3.62284e-07
-5.25266e-07
-1.67638e-07
-2.41213e-07
-4.23752e-07
-3.32482e-07
-4.9267e-07
-3.88362e-07
-6.18398e-07
-2.31899e-07
5.12227e-08
-4.88944e-07
-5.22472e-07
-3.92087e-07
-2.24449e-07
-8.6613e-08
-1.93715e-07
-2.56114e-07
-4.20958e-07
-3.70666e-07
