1.23154
1.1454
0.972287
0.78651
0.598405
0.45241
0.367616
0.312574
0.264979
0.227221
0.166556
0.0677508
-0.0439338
-0.15502
-0.258206
-0.354512
-0.460298
-0.5647
-0.628227
-0.650018
-0.619223
-0.518259
-0.394656
-0.280842
-0.180376
-0.125276
-0.129736
-0.148976
-0.148326
-0.1258
-0.0660119
0.0272389
0.123767
0.205287
0.261454
0.277122
0.259929
0.227009
0.180939
0.133728
0.0802732
0.0105313
-0.0568337
-0.112907
-0.164232
-0.201676
-0.217711
-0.233655
-0.259633
-0.292004
-0.344287
-0.410897
-0.461455
-0.480749
-0.467183
-0.414566
-0.333791
-0.244571
-0.157865
-0.0899202
-0.0416432
-0.000252003
0.0393447
0.0816846
0.13454
0.189124
0.232228
0.274046
0.311394
0.333589
0.353936
0.375518
0.384736
0.378682
0.358682
0.310462
0.236303
0.160969
0.0949108
0.0476075
0.0253419
0.0188304
0.0177121
0.0118441
-0.0105298
-0.0482706
-0.0887717
-0.125252
-0.146804
-0.143343
-0.124783
-0.101375
-0.0713819
-0.0424986
-0.0225623
-0.00229778
0.0192979
0.0347935
0.0456347
0.0474963
0.035411
0.0160276
-0.00377309
-0.0177238
-0.0179298
-0.00781611
0.00172654
0.00414184
-0.0134171
-0.0605963
-0.124691
-0.190267
-0.251433
-0.290721
-0.296826
-0.285097
-0.263403
-0.237996
-0.226045
-0.224472
-0.221686
-0.217836
-0.208997
-0.191208
-0.171452
-0.147363
-0.110138
-0.0639277
-0.00701041
0.0715491
0.161002
0.239963
0.303978
0.332437
0.310269
0.270693
0.23773
0.217027
0.221677
0.249078
0.279887
0.301427
0.307593
0.285966
0.241703
0.193741
0.146382
0.106117
0.0755811
0.0457502
0.0182101
0.000598726
-0.0099879
-0.0120322
0.000923896
0.0159461
0.0243267
0.0271336
0.0156976
-0.00849099
-0.0290095
-0.0355336
-0.0273198
-0.00177849
0.0336961
0.0637884
0.0845143
0.090496
0.0792887
0.0611725
0.0442794
0.0316945
0.0262028
0.0238385
0.016188
0.00498949
-0.00897968
-0.0288831
-0.0493655
-0.0672605
-0.0864856
-0.107622
-0.12909
-0.155568
-0.184206
-0.204531
-0.215563
-0.217593
-0.209993
-0.199126
-0.191765
-0.187184
-0.185614
-0.186964
-0.182807
-0.167435
-0.140823
-0.105865
-0.0687519
-0.0356127
-0.00698165
0.0179223
0.037526
0.0558079
0.0751967
0.0941164
0.112726
0.12849
0.135056
0.133373
0.131816
0.12952
0.126322
0.12505
0.120549
0.108307
0.0903401
0.0694256
0.0408197
0.0102716
-0.0110506
-0.0230984
-0.0267067
-0.0264876
-0.027471
-0.0309826
-0.0353167
-0.039142
-0.0405579
-0.036201
-0.0255847
-0.00950332
0.00662309
0.0178806
0.023245
0.0270626
0.0327197
0.0400074
0.0519903
0.0651391
0.0746431
0.0789753
0.074553
0.0615365
0.0437669
0.0254848
0.0114073
0.00208128
-0.00752808
-0.0194666
-0.0344111
-0.0541059
-0.0770457
-0.0986099
-0.115905
-0.129261
-0.137535
-0.14375
-0.153014
-0.162486
-0.16868
-0.16954
-0.161423
-0.14634
-0.127272
-0.105898
-0.0884264
-0.0759239
-0.0628943
-0.0462881
-0.0237906
0.00739803
0.0445648
0.0777437
0.10272
0.12172
0.131236
0.134937
0.141145
0.148271
0.155136
0.159885
0.158949
0.151203
0.136836
0.11988
0.104573
0.0927894
0.0832803
0.0745863
0.0650758
0.051368
0.0353246
0.0202441
0.007971
0.00132234
0.00216657
0.00783355
0.0126265
0.0151336
