0.00660602
0.00313269
-0.00031545
-0.00173747
-0.00132119
0.00109545
0.0014284
0.000497417
-0.000191847
-0.000316804
0.000608348
0.00147454
0.00082961
-0.00105768
-0.00227052
-0.00150187
0.000618285
0.00197138
0.00131469
-0.000222676
-0.00128635
-0.00121732
-6.97961e-05
0.00072409
0.00056459
-5.97406e-05
-0.000740708
-0.000165707
0.000673296
0.000569476
-0.000140209
-0.00113632
-0.00142151
-0.000635022
2.10935e-05
0.000373661
0.00053679
-8.12029e-05
-0.000601276
-0.000648024
-0.000529553
4.53526e-05
6.55651e-05
-0.000475127
-0.000465198
-0.000317235
-6.93435e-05
0.000239211
-6.04577e-05
-0.000282566
-0.000414099
-0.000592993
0.000119449
0.000625331
0.000390584
-0.00014857
-0.000820418
-0.000871429
-0.000137598
0.000413581
0.000467982
0.000221896
-0.00031278
-0.000519998
-0.000120723
7.8341e-05
0.000220572
0.00016182
-0.000209208
9.89614e-05
0.000668512
0.0006366
0.000209353
-0.000634396
-0.000740428
4.24171e-05
0.000479799
0.000731486
0.000304081
-6.71437e-05
-0.000173842
-0.000247889
-0.000167219
-0.000202238
-0.000316968
-0.000359596
0.000152713
0.000359445
0.000205182
7.14222e-05
-0.000252084
0.000161231
0.000309152
-9.08729e-05
-2.46279e-05
-5.37215e-05
0.000268361
0.000691224
0.000368229
9.03681e-05
-0.000236724
-0.000327737
0.000103123
0.000340275
0.000303193
-3.30452e-05
-0.000253989
7.33417e-05
0.00034505
0.000333237
-3.34466e-05
-0.000466045
-0.000329793
-6.54999e-06
0.000338132
0.000289188
-0.000140859
-0.000603684
-0.000572699
8.66856e-05
0.000444774
0.00046689
-6.13816e-05
-0.000722846
-0.00048463
-0.00020293
1.05118e-05
8.36952e-05
2.53515e-05
-4.5293e-05
4.41996e-05
0.000165873
0.000223747
0.000207059
-0.000408824
-0.00058903
-0.000116163
0.000401194
0.000693715
0.000215833
-0.000311808
-0.000492091
-0.00040397
6.90585e-05
0.000339183
0.000407851
0.000266221
-3.6872e-05
9.18424e-05
0.000308177
5.18337e-05
-0.000175244
-0.000146256
-0.000199819
2.17594e-05
0.000321884
0.00042852
0.000556236
7.80048e-05
-0.000450016
-0.000477946
-0.000179632
8.74465e-05
3.90755e-05
5.59781e-05
-0.000149386
-7.99904e-05
4.78737e-05
5.26225e-05
0.000151219
-0.000226471
-0.000556849
-0.000387228
-0.000117118
0.000412139
0.000223146
-0.000273957
-0.000453083
-0.000339285
3.90578e-05
0.000117427
-4.15761e-05
-0.00017441
-0.000285082
-0.000254426
2.31359e-05
9.37972e-05
5.1951e-05
-0.000121899
-0.000486197
-0.000453048
-5.41853e-05
0.000202185
0.000381581
0.000173477
-0.000226071
-0.000111918
0.0001305
0.000412127
0.000533984
7.51577e-05
-0.000176458
-0.000212451
7.28304e-05
0.000389885
0.000592773
0.000301794
-0.000213775
-0.000305912
-0.000159536
0.000400875
0.000376135
-0.000229693
-0.000565543
-0.000563927
0.000119118
0.000780553
0.000533625
-7.99438e-05
-0.000548766
-0.000510446
8.38684e-05
0.000541034
0.000325479
-4.73615e-05
-0.000349174
-0.000267628
0.000416266
0.000778059
0.000315907
-0.000525782
-0.000868033
-0.000305042
0.000566289
0.00100091
0.000374796
-0.000431455
-0.000795193
-0.000521469
0.000234319
0.000552771
0.000309067
-0.000439025
-0.000560193
0.000112657
0.000566267
0.000509407
-0.000351736
-0.000997326
-0.000461301
0.000223093
0.000750546
0.000819774
5.17555e-05
-0.000488486
-0.000355882
6.06785e-05
0.000472828
0.000332033
-0.000357126
-0.000591669
-0.000113
0.000291982
0.000418158
0.000182542
-0.000292091
-0.000453168
-0.000320701
-2.43187e-05
0.000246295
6.14403e-05
-0.000213876
-0.000402099
-0.000171415
0.000257246
0.000330101
0.000285386
1.33244e-05
-0.000208168
-0.000215024
3.97926e-05
0.000357127
0.000254079
-0.000185693
-0.000448534
-6.23697e-05
0.000421139
0.000522819
0.000214664
-0.000294367
-0.000410922
-0.000252469
1.37156e-05
0.000395211
0.000310946
-5.51036e-05
-0.000184773
-1.61761e-05
0.00032987
0.000404746
