2.25063e-05
1.58399e-05
1.52159e-05
1.56816e-05
1.39428e-05
1.51284e-05
1.39633e-05
1.37193e-05
1.30367e-05
1.28793e-05
1.20606e-05
1.11107e-05
1.06134e-05
9.74163e-06
9.61032e-06
8.38749e-06
7.17398e-06
6.81728e-06
6.03031e-06
5.69876e-06
5.27315e-06
4.54672e-06
3.69735e-06
2.86754e-06
2.33855e-06
1.54972e-06
1.04401e-06
4.69387e-07
3.78117e-07
-2.77534e-07
-8.98726e-07
-1.37091e-06
-2.00327e-06
-2.43634e-06
-2.78093e-06
-2.90945e-06
-3.49898e-06
-3.52599e-06
-4.3083e-06
-4.60632e-06
-4.78048e-06
-5.19399e-06
-5.06081e-06
-4.95464e-06
-5.50412e-06
-5.2508e-06
-5.45289e-06
-5.73043e-06
-5.15115e-06
-6.20447e-06
-5.74347e-06
-5.6047e-06
-6.27991e-06
-6.45407e-06
-6.48387e-06
-6.03218e-06
-5.90645e-06
-5.58328e-06
-5.3728e-06
-5.28153e-06
-5.08502e-06
-5.12321e-06
-4.90621e-06
-4.79445e-06
-4.3381e-06
-3.76441e-06
-3.81842e-06
-3.56231e-06
-3.20002e-06
-2.47546e-06
-1.83936e-06
-1.62143e-06
-1.71643e-06
-1.12876e-06
-1.06823e-06
-8.13976e-07
1.91852e-07
9.40636e-08
1.13621e-06
1.33459e-06
1.55251e-06
1.93994e-06
1.33365e-06
2.30689e-06
1.95019e-06
2.55555e-06
3.11248e-06
2.91783e-06
3.68804e-06
3.52319e-06
4.06709e-06
4.97233e-06
4.86616e-06
5.11762e-06
5.19119e-06
5.52554e-06
5.47152e-06
5.63078e-06
6.10761e-06
6.18864e-06
6.41868e-06
6.33951e-06
6.29202e-06
6.35069e-06
6.31623e-06
6.62729e-06
6.08247e-06
6.52391e-06
6.36745e-06
6.08247e-06
6.16163e-06
5.9288e-06
5.74905e-06
5.54882e-06
5.40446e-06
5.17443e-06
5.17815e-06
5.12321e-06
4.98351e-06
4.66127e-06
4.80004e-06
4.50294e-06
4.15742e-06
3.67034e-06
3.43844e-06
3.31737e-06
3.43006e-06
3.37139e-06
2.84333e-06
2.77162e-06
1.97161e-06
2.32272e-06
1.4063e-06
7.66478e-07
1.15857e-06
1.47149e-07
8.82894e-07
3.64147e-07
-9.03383e-08
-3.11062e-07
-8.08388e-07
-5.11296e-07
-1.16881e-06
-1.34669e-06
-2.10106e-06
-2.39722e-06
-1.84588e-06
-2.58069e-06
-2.26125e-06
-2.00886e-06
-2.7325e-06
-2.12993e-06
-2.53506e-06
-3.19164e-06
-2.80049e-06
-2.61702e-06
-2.47918e-06
-2.63285e-06
-2.82656e-06
-2.82098e-06
-2.92528e-06
-2.73902e-06
-2.71015e-06
-2.32644e-06
-2.09454e-06
-2.33017e-06
-2.10665e-06
-2.01352e-06
-2.19792e-06
-2.00327e-06
-2.15974e-06
-2.01445e-06
-1.12969e-06
-1.6056e-06
-1.4063e-06
-1.44169e-06
-1.53854e-06
-9.76957e-07
-1.13994e-06
-1.16043e-06
-1.1893e-06
-1.28336e-06
-1.53482e-06
-1.64937e-06
-1.329e-06
-1.40443e-06
-1.07102e-06
-1.13714e-06
-1.1893e-06
-1.20047e-06
-1.20699e-06
-8.71718e-07
-8.18633e-07
-8.10251e-07
-4.45172e-07
-1.4063e-07
-2.20723e-07
-9.40636e-08
2.35625e-07
3.94881e-07
9.35979e-07
6.56582e-07
9.22009e-07
1.1269e-06
9.83477e-07
1.24983e-06
1.36346e-06
1.86544e-06
1.60281e-06
2.18395e-06
2.17464e-06
1.66334e-06
2.44565e-06
1.88965e-06
2.21096e-06
2.57045e-06
2.16346e-06
2.71667e-06
2.07126e-06
2.43355e-06
2.50246e-06
2.36556e-06
2.83588e-06
2.41771e-06
2.67476e-06
2.52388e-06
2.29385e-06
2.77348e-06
2.62912e-06
2.87127e-06
2.3609e-06
2.65241e-06
2.69152e-06
2.0396e-06
2.76044e-06
1.94274e-06
2.41026e-06
2.94019e-06
1.73226e-06
1.70153e-06
1.34762e-06
1.34297e-06
1.33552e-06
1.02539e-06
9.44361e-07
6.71484e-07
9.05246e-07
4.85219e-07
3.93018e-07
-1.19209e-07
-3.56697e-07
-3.63216e-07
-8.01869e-07
-9.69507e-07
-7.57165e-07
-9.31323e-07
-8.76375e-07
-1.08499e-06
-1.50129e-06
-1.64658e-06
-1.90083e-06
-2.4708e-06
-2.46149e-06
-2.69525e-06
-2.75765e-06
-2.56579e-06
-2.72505e-06
-2.79583e-06
-2.95416e-06
-3.03518e-06
-3.06219e-06
-2.9793e-06
-2.77068e-06
-3.06498e-06
-2.90014e-06
-2.82098e-06
-3.18792e-06
-2.87499e-06
-2.8573e-06
-2.72878e-06
-2.38046e-06
-3.02773e-06
-2.85916e-06
-2.52388e-06
-3.14973e-06
-2.39909e-06
-2.6105e-06
-3.06312e-06
-2.63005e-06
-2.91504e-06
-2.81818e-06
-2.74833e-06
-2.43261e-06
-2.49501e-06
-2.42051e-06
-2.50433e-06
-2.81073e-06
-2.42423e-06
-2.2212e-06
-1.99676e-06
