0.467027
0.0696522
-0.372882
-0.195128
0.228024
0.281661
-0.0948924
-0.276876
-0.0185166
0.221913
0.0996537
-0.148588
-0.135002
0.079437
0.137459
-0.0177648
-0.121305
-0.0314049
0.11098
0.0767346
-0.086378
-0.110867
0.0365164
0.131951
0.0218999
-0.123614
-0.0645429
0.0930111
0.103418
-0.0512237
-0.129565
0.00407931
0.127863
0.0498443
-0.096575
-0.0897536
0.0579885
0.111566
-0.0148051
-0.117222
-0.0265924
0.112727
0.0689886
-0.09877
-0.103493
0.0706995
0.12055
-0.0251134
-0.126415
-0.0258758
0.129015
0.0722892
-0.111698
-0.113966
0.0621226
0.140077
-0.0105398
-0.13762
-0.033216
0.107539
0.0678598
-0.0678397
-0.085805
0.0269233
0.0879005
-0.000131743
-0.0723925
-0.0193605
0.0496044
0.0353708
-0.0411634
-0.0412359
0.0339681
0.047091
-0.0140196
-0.0555702
-0.0103756
0.0485546
0.0366553
-0.0277031
-0.0621046
-0.0013356
0.0659943
0.0432304
-0.0465768
-0.0830145
0.00756121
0.0886827
0.0416962
-0.0688557
-0.0845694
0.0223086
0.0949007
0.0262468
-0.0768793
-0.0616248
0.0406133
0.0831506
-0.00308268
-0.0833914
-0.0262145
0.0568261
0.0411095
-0.0326891
-0.0465477
0.0125644
0.0400275
0.00168461
-0.0392086
-0.0144162
0.0363771
0.0220903
-0.0264629
-0.028343
0.0100403
0.033678
0.00846739
-0.0302109
-0.030723
0.0120138
0.0459649
0.01232
-0.0404392
-0.0423012
0.00729366
0.0587793
0.0262998
-0.0578624
-0.0485878
0.0369088
0.060388
-0.0071029
-0.072036
-0.0153436
0.0765431
0.0256512
-0.0685722
-0.0440745
0.0541944
0.0683198
-0.045053
-0.0866387
0.0265177
0.0902933
0.00527572
-0.0803286
-0.0427863
0.0619786
0.0671359
-0.0367827
-0.0710041
-0.00203438
0.0670786
0.0342007
-0.0490015
-0.0462106
0.0131481
0.0504569
0.0101299
-0.0410295
-0.00989518
0.0227866
0.011235
-0.0158151
-0.0148786
0.0185173
0.0200084
-0.0166681
-0.0348253
0.00266368
0.0533876
0.0268697
-0.0575747
-0.0598142
0.0368548
0.0896898
0.0159727
-0.0982321
-0.0654542
0.0796742
0.100347
-0.0361546
-0.118278
-0.011479
0.114963
0.0512281
-0.0854703
-0.0747512
0.0440973
0.0888598
-0.00426345
-0.0903064
-0.022192
0.0783609
0.0449553
-0.0503826
-0.0675685
0.0156786
0.0750592
0.013378
-0.0623981
-0.0393693
0.038393
0.0570998
-0.0134533
-0.0582649
-0.0156727
0.0518981
0.0462262
-0.0324651
-0.0597876
0.00121386
0.0589935
0.0284661
-0.0458846
-0.046571
0.0195547
0.0527063
0.0120762
-0.0497771
-0.0376071
0.0368538
0.0484105
-0.0141389
-0.0465962
-0.00875633
0.0466308
0.0211966
-0.0465675
-0.0320364
0.032843
0.0514406
-0.0151506
-0.0702694
-0.00462372
0.0700467
0.0329596
-0.0607043
-0.0670932
0.039867
0.0854845
-0.00503485
-0.0799211
-0.0335186
0.0551121
0.0565526
-0.0222656
-0.052944
-0.00203491
0.0325642
0.0154061
-0.011512
-0.0186664
-0.000732671
0.0194721
0.00710714
-0.0190054
-0.00904833
0.018704
0.0158438
-0.0154842
-0.0332921
0.00248461
0.0492201
0.0151451
-0.0488135
-0.0422639
0.0297415
0.0678676
-0.00670426
-0.0769654
-0.0199132
0.0695088
0.0492708
-0.055007
-0.0746228
0.0349282
0.0874186
-0.00674744
-0.0846119
-0.019436
0.0812743
0.0422241
-0.0741708
-0.0603475
0.0586704
0.0783527
-0.0294486
-0.0922479
-0.0031721
0.0926508
0.0368128
-0.0778923
-0.0729946
0.0488529
0.0956829
-0.00720912
-0.0978684
-0.0399719
0.0790289
