1.63238
0.372029
-1.2484
-1.03312
0.466273
1.36341
0.305322
-1.14279
-0.873066
0.528552
1.12315
0.174772
-1.01056
-0.7158
0.569544
0.985171
0.0252988
-0.964929
-0.542685
0.643045
0.854172
-0.112678
-0.912503
-0.422696
0.68239
0.786916
-0.208658
-0.869263
-0.336503
0.662069
0.730663
-0.238933
-0.829956
-0.251467
0.646913
0.620694
-0.257653
-0.744879
-0.199097
0.625215
0.54557
-0.30552
-0.654761
-0.106692
0.545332
0.445323
-0.299121
-0.584322
-0.0267142
0.506017
0.348227
-0.278752
-0.545672
-0.0215956
0.513563
0.324703
-0.28856
-0.511655
-0.0163327
0.482666
0.303498
-0.263207
-0.460844
-0.0320568
0.423666
0.281342
-0.221797
-0.401786
-0.0430417
0.368876
0.254106
-0.211276
-0.344114
-0.00791342
0.318911
0.201821
-0.207344
-0.317124
0.0407674
0.332426
0.132907
-0.234285
-0.267788
0.0613146
0.315026
0.11305
-0.254189
-0.243004
0.105376
0.285092
0.0855435
-0.231459
-0.244963
0.0906188
0.287516
0.0964161
-0.20773
-0.25942
0.0441278
0.301799
0.122547
-0.192858
-0.239724
-0.00242996
0.267744
0.167499
-0.169572
-0.252284
-0.00415441
0.251179
0.150664
-0.158004
-0.235968
0.00645144
0.244697
0.138122
-0.175805
-0.230055
0.0406217
0.242523
0.143542
-0.167071
-0.297617
0.0257537
0.318737
0.165378
-0.192004
-0.338491
-0.0047672
0.372688
0.19812
-0.228867
-0.338525
-0.00951525
0.350574
0.225568
-0.211099
-0.358309
-0.00212673
0.350866
0.204466
-0.201558
-0.348287
0.00602895
0.366696
0.171888
-0.243585
-0.308049
0.0518984
0.35897
0.138522
-0.286142
-0.28364
0.108109
0.362078
0.0997676
-0.319993
-0.267417
0.136986
0.373838
0.106252
-0.365007
-0.302704
0.200655
0.391872
0.0684237
-0.361788
-0.315096
0.223229
0.406487
0.00534208
-0.349528
-0.245714
0.21136
0.367304
-0.0169255
-0.33989
-0.184577
0.216075
0.319478
-0.0372738
-0.333227
-0.150145
0.23917
0.282951
-0.0828839
-0.292504
-0.0881602
0.190777
0.222444
-0.0481855
-0.24576
-0.0846445
0.153289
0.180187
-0.0231866
-0.192891
-0.084939
0.120189
0.151205
-0.0168205
-0.148577
-0.0673785
0.0750402
0.116835
0.0242707
-0.122835
-0.0853725
0.0664391
0.0865669
0.0401259
-0.0701736
-0.116538
0.0440186
0.105484
0.0256677
-0.0572401
-0.104202
0.0166748
0.124927
0.0378771
-0.0904178
-0.0979907
0.0298209
0.120402
0.0496299
-0.0872633
-0.119703
0.0156224
0.132031
0.0623317
-0.0758756
-0.121335
-0.0151246
0.118009
0.0849401
-0.0535781
-0.1106
-0.0239985
0.0764812
0.0696354
-0.00706796
-0.065456
-0.0592882
0.0214677
0.0864616
0.0236793
-0.0558964
-0.0716692
-0.00592427
0.100447
0.0544398
-0.0670006
-0.0956879
-0.0175053
0.115326
0.0975571
-0.0785906
-0.139468
-0.016571
0.132376
0.129939
-0.0822693
-0.198293
-0.00686312
0.192807
0.12436
-0.128186
-0.222773
0.00958673
0.248511
0.131693
-0.188932
-0.250307
0.0440231
0.29381
0.131794
-0.232537
-0.278474
0.067895
0.343272
0.137417
-0.291474
-0.310104
0.128122
0.387737
0.0890395
-0.342306
-0.285976
0.191063
0.386071
0.0259783
-0.358233
-0.247425
0.223415
0.383509
-0.0150463
-0.384399
-0.203834
0.256624
