0.188602
0.0887991
-0.010974
0.00217173
0.040723
0.053644
0.00982169
-0.0223534
0.0161186
0.057832
0.0405427
0.00227477
-0.00978436
0.00832517
0.0218519
0.015491
0.00220901
-0.0109667
-0.0175368
-0.0143162
-0.0118413
-0.00694237
0.00939925
0.0168535
0.0187438
0.0169634
-0.00298692
-0.0161547
-0.0201287
-0.0158353
-0.00634396
-0.00568987
-0.000700183
0.00848637
0.0121178
0.00390783
-0.00362233
-0.00136533
0.00777114
0.0132893
0.00359159
-0.00536407
-0.00452098
0.00393336
0.00369707
-0.0141977
-0.0147788
0.0105951
0.0237711
0.0142001
-0.0090024
-0.0203775
-0.00346662
0.00288341
-0.0135446
-0.0285798
-0.0208991
0.00551421
0.00824478
-0.0158031
-0.0321916
-0.0262359
-0.0102582
-0.00426695
-0.01993
-0.0273089
-0.00975593
-0.00428236
-0.0119814
-0.0189316
-0.0220505
-0.0111795
0.00303367
0.000344582
-0.00764105
-0.00818395
-0.00365896
-0.00419331
-0.011831
-0.0149277
-0.00966754
0.00124092
0.00151859
-0.00669982
-0.0102334
-0.0069393
-0.00554838
-0.00595901
-0.00555022
-0.00508637
0.00185321
0.00598637
0.000414853
0.000813668
-0.00499211
-0.0123685
-0.00250928
0.00422651
0.00392371
0.00377697
-0.00273635
-0.0040583
-0.000962948
-0.00674968
-0.00779049
-1.48155e-05
0.00931152
0.0098152
-0.000869028
-0.00337017
-0.00307552
-0.00691486
-0.011381
-0.00948034
0.00309975
0.0202717
0.0175737
-0.00576016
-0.00789756
0.00946633
0.0166175
0.00115762
-0.0130706
-0.00278918
0.0148312
0.0165919
-0.00196538
-0.0175022
0.000683987
0.028659
0.0234038
0.00407479
-0.00179772
0.00186682
0.00562075
-0.000355983
-0.0128377
-0.00819312
0.013565
0.0207002
0.0128241
0.00961562
0.00814177
0.00753822
0.00548205
-0.000860329
-0.00384534
-0.00183306
0.000577793
-0.0011646
-0.00111581
-0.00347724
-0.00284435
0.0107652
0.0125746
0.000931907
-0.00584731
-0.00959022
-0.00764649
-0.00485526
-0.016016
-0.0166379
0.00406156
0.0185387
0.0168035
0.00485375
-0.00131475
0.00855779
0.0141835
0.00176217
-0.00536988
-0.00269592
0.00738254
0.0158526
0.00428102
-0.00569175
0.00157155
0.0159594
0.0259173
0.012655
-0.00864322
-0.0056374
0.00976349
0.0130557
0.00144353
-0.0118849
-0.00432633
0.0183189
0.0161214
-0.00509378
-0.00992115
-0.00185654
0.00638497
0.00019762
-0.0137344
-0.0142164
-0.00974788
-0.0128904
-0.0149613
-0.0130864
-0.00887027
-0.00260239
-0.00692581
-0.011418
-0.011514
-0.0141703
-0.0087098
0.000744469
0.00119875
-0.00593153
-0.00756054
0.00540299
0.0153692
0.00642095
-0.0023738
0.00307454
0.0146956
0.0184097
0.00740204
-0.00580699
-0.00468912
0.00868625
0.0147202
0.0010885
-0.0089388
0.000733801
0.00819064
0.00237603
-0.00736987
-0.0125293
-0.00289501
0.0114779
0.00252515
-0.0101994
-0.00753956
0.000218215
0.000205425
-0.00970047
-0.0130401
-0.00542629
0.00382518
-0.00198367
-0.0158715
-0.0172619
-0.00530824
-0.00461282
-0.0175424
-0.0157826
-0.00342539
-0.000658879
-0.00580469
-0.0103083
-0.010104
0.00026446
0.0056366
-0.000477454
-0.00384601
-0.00299631
-0.000718663
-0.000499475
-0.00231768
-0.00496995
-0.00332476
0.00519293
0.0121394
0.00923615
-0.00280568
-0.00850498
0.000120563
0.009612
0.00619182
-0.00178599
-0.00147435
0.00508011
0.00593817
-0.00166157
-0.00801101
-0.0038817
0.00258464
0.00421751
0.000291926
-0.00509476
-0.00252482
-0.000503402
0.00429889
0.0101362
0.00645674
0.00434268
0.00717396
0.00342755
-0.00232438
-0.00302682
0.00176078
0.00567346
0.00581278
0.00283332
0.000886071
0.00491245
0.00195296
-0.00517708
