0.253434
0.121944
-0.0309405
-0.0346441
-0.0326307
-0.0627
-0.0343579
0.0332334
0.0843109
0.10309
0.0507466
-0.0266613
-0.0539325
-0.0465559
-0.0440782
-0.0122152
0.0500555
0.0663876
0.0247134
-0.0180113
-0.0310011
-0.0299207
-0.0298468
-0.0222726
0.00936002
0.0471339
0.0433167
-0.00318139
-0.0361675
-0.0331068
-0.025121
-0.0181719
-0.00681478
0.00874693
0.0205373
0.00685157
-0.0251626
-0.0289108
-0.0133016
-0.0230871
-0.026142
-0.00438158
0.000398908
-0.00903489
-0.0117133
-0.00950503
0.00232465
0.0138485
0.00662911
-0.00026622
0.0100839
0.00539015
-0.0109893
-0.00837256
0.00334003
0.00510505
0.00693909
0.00722248
-0.00549474
-0.0110618
-0.00721784
-0.00688586
-0.00507024
0.00749171
0.0129743
0.00260477
-0.00335963
-0.00487722
-0.0184598
-0.0288769
-0.0107815
0.0176249
0.0296059
0.023545
0.0117946
-0.00142589
-0.0136966
-0.0280387
-0.0317945
-0.00500691
0.0247507
0.0330782
0.0329623
0.0285218
0.00139602
-0.0402898
-0.053265
-0.0230591
0.0118401
0.015958
0.0166695
0.0358476
0.0347575
-0.00941905
-0.0504402
-0.0426239
-0.00705624
0.015118
0.0182762
0.0230985
0.0280884
0.00846346
-0.0276238
-0.0402453
-0.0233593
-0.00608741
0.00245563
0.0199299
0.0333508
0.016765
-0.0195712
-0.0402182
-0.0324462
-0.00915303
0.00643324
0.00624238
0.0131394
0.0262914
0.0108554
-0.0236978
-0.032932
-0.0201852
-0.00537796
0.00564529
0.0190148
0.0301535
0.0235501
-0.00463807
-0.0265306
-0.0230081
-0.0177936
-0.0158701
0.00398015
0.0293311
0.025918
0.0109113
-0.00050643
-0.0203977
-0.0255897
-0.0089088
-0.000187176
0.00584282
0.0249232
0.0267881
0.00218691
-0.0129127
-0.00915948
-0.00908098
-0.0111681
-0.000385482
0.00918486
0.014228
0.0115107
-0.00178428
-0.00809471
-0.00100513
-0.00147397
-0.00770729
0.00135299
0.00936606
0.00302122
-0.00504616
-0.00096252
0.0109236
0.0132063
-0.0010892
-0.00887191
0.0110179
0.0143211
-0.0138101
-0.01019
0.0283879
0.029942
0.0042928
0.00812015
0.0146869
-0.00291789
-0.0165606
-0.00696831
0.00664788
0.016764
0.0221024
0.0142767
0.00633424
0.000294883
-0.0183212
-0.0308238
-0.00982942
0.0127701
0.0164389
0.0160652
0.00842691
-0.00232921
-0.00875844
-0.0197602
-0.0299035
-0.00478833
0.0242002
0.0142392
0.00380923
0.00985569
-0.00164775
-0.0292989
-0.031267
-0.00756993
0.0135317
0.0180971
0.0104076
0.00625735
0.00428184
-0.00968355
-0.032608
-0.0327282
-0.00316072
0.0200145
0.0194542
0.0153743
0.014074
-0.00426931
-0.0257241
-0.0289275
-0.0189651
-0.00511926
0.0167926
0.0366128
0.0342223
0.00998391
-0.0134871
-0.0246576
-0.0329551
-0.0225613
0.00907587
0.0243456
0.0181739
0.0156491
0.00433685
-0.0289923
-0.0440584
-0.0236793
-0.00124117
0.00978213
0.0145358
0.0138908
0.00688106
-0.00529942
-0.0251406
-0.0313744
-0.00896442
0.0112705
0.0115967
0.0120405
0.0164041
0.00239189
-0.0173654
-0.0186677
-0.00610051
0.00534828
0.00716218
0.00887529
0.0120563
0.00558238
-0.0118714
-0.0185883
-0.00428837
0.00691065
0.00645594
0.0058803
0.00616767
0.00132564
-0.00249551
-0.000585624
0.00365615
0.00668295
0.0025967
0.00139663
0.0101582
0.00956587
-0.00542902
-0.00466103
0.013028
0.0172235
0.00279104
-0.00694353
-0.00574729
-0.000472343
0.00476423
-0.00230808
-0.00657949
0.00990879
0.019919
0.000758334
-0.0136883
-0.00713352
-0.00466709
-0.00873223
-0.00460418
0.0105996
0.0186029
0.00573946
-0.00857418
