0.00739524
0.00383302
-5.38472e-05
-0.00158123
-0.00121122
0.00155953
0.00190501
0.000328163
-0.000275524
-0.00015766
0.000962418
0.00137421
-0.000113166
-0.00174158
-0.00216516
-0.00102807
0.000852921
0.00179117
0.000881321
-0.000521242
-0.00142603
-0.00107168
0.000171188
0.00060313
0.000142032
-0.000498675
-0.00069141
0.00021394
0.000832882
9.72375e-05
-0.0010422
-0.00189987
-0.00175337
-0.000473859
1.53603e-05
-0.000157399
-0.000304037
-0.00064486
-0.000117487
0.000113879
-0.000501702
-0.000656366
-0.000656759
-0.000194093
0.000780674
0.000561169
-7.19354e-05
-0.000442781
-0.000730144
-0.000168662
0.000322095
0.000205361
0.000137215
0.000128191
0.000213042
0.000285033
-0.000172591
-0.000548563
-0.000422669
-0.000104943
0.000416605
0.000729001
0.00054035
0.000198117
5.23608e-05
3.20235e-05
0.00028498
0.000362847
2.39136e-05
0.000121529
7.83103e-05
0.000168382
0.000266097
-0.00034917
-0.000330648
-0.000207612
-0.000302885
7.44509e-05
-0.000137276
-0.000231278
0.000184208
7.47675e-05
-3.73563e-05
-0.000363741
-0.000676775
-0.00037475
9.30876e-05
0.000266192
0.000318293
0.000132634
-0.000131375
0.00014961
0.000178981
-5.52991e-05
-7.70092e-05
-0.000379302
-8.01785e-05
0.000470509
0.000564172
0.000695667
2.75373e-05
-0.000486425
-0.000333049
4.88134e-05
0.000823149
0.000736292
-0.000127584
-0.000539179
-0.000540825
0.000146754
0.000449765
-0.000255521
-0.000813738
-0.000606427
0.000121154
0.000780134
0.000468764
-0.000675325
-0.00099818
-0.000542216
0.00014722
0.000909456
0.000588711
-0.000248939
-0.00042096
-0.000267549
0.000277511
0.000550521
0.000222122
-0.000180612
-0.00022131
0.000213872
0.000776156
0.000624118
-0.000286083
-0.000964061
-0.000837627
0.000152124
0.00110015
0.000748861
-0.000299415
-0.00105798
-0.000886545
0.000257002
0.000610529
0.000192552
-0.000273772
-0.000589067
6.82008e-06
0.000712861
0.000471927
-6.68531e-05
-0.000409376
-0.000193825
0.000679869
0.00107832
0.000581506
3.65879e-05
-0.000474968
-0.000271183
0.000450647
0.000552551
0.00035593
-4.20026e-07
-0.000343837
-0.000164443
9.48859e-05
0.000107069
-4.98509e-05
-0.000397129
-0.00033814
0.000138005
0.000329132
0.0002162
-0.000282959
-0.000781597
-0.000465994
-2.05934e-05
-1.44094e-05
-0.000254913
-0.000753442
-0.000580286
3.90839e-05
1.98018e-05
-0.000348705
-0.000831055
-0.000956077
-0.00040632
9.35355e-05
2.85413e-05
-4.54709e-05
-0.000249275
-0.000102803
0.000468443
0.000344931
0.000158321
8.1026e-05
-0.000191689
0.000275083
0.000624215
0.000552165
0.000432195
-0.000189221
-0.000333719
-9.7665e-05
4.87044e-05
0.000235422
-2.10684e-05
-0.000170369
0.00016426
0.000358699
0.000461599
0.000274612
-0.000202537
-0.000113186
0.000317897
0.000488759
0.000673709
0.000375011
-2.34395e-05
0.000193335
0.00022077
0.000340575
0.000441282
6.35944e-05
-4.92018e-05
6.34892e-05
0.000132609
0.000333467
0.000158343
-0.000419536
-0.000532069
-0.00042743
-0.000309343
-0.0001142
-0.000388285
-0.000587079
-0.000130049
-0.000118772
-0.000159081
-0.000316187
-0.000868873
-0.000591273
-0.00015166
6.55334e-05
0.000120584
-0.000220187
-0.000326378
-0.000203409
-6.17765e-05
5.50002e-05
4.37247e-05
0.000137593
0.000164306
6.81709e-05
-0.000151614
-0.000249762
-0.000196308
-8.75769e-05
0.00026737
0.000415708
0.000406262
0.00024745
-0.000154981
-4.65941e-05
0.000172216
0.000293209
0.000500409
0.00031741
0.000178309
0.000294612
3.57265e-05
-0.000297162
-0.000236643
-0.000101738
0.000393505
0.000749129
0.000403762
-6.72592e-05
-0.000477392
-0.000547515
3.02391e-05
0.000386538
0.000228115
-4.5971e-05
-0.000155345
0.000139299
0.000551397
0.000384616
-5.44442e-05
-0.000319595
-9.51728e-05
0.000617541
0.000837899
0.000338511
-0.00027593
-0.000652771
-0.000233956
0.000316611
0.000173147
