0.557262
0.0814316
-0.442914
-0.231499
0.260989
0.338954
-0.0995389
-0.341742
-0.032764
0.277474
0.135657
-0.177685
-0.192782
0.0781107
0.195999
0.0139356
-0.169387
-0.0872219
0.145457
0.135884
-0.0972025
-0.167906
0.0141163
0.175206
0.0671916
-0.142809
-0.114109
0.0927885
0.140345
-0.0356496
-0.158911
-0.0255124
0.15232
0.0872345
-0.113334
-0.132206
0.055005
0.147539
0.00322246
-0.150451
-0.0546318
0.133757
0.102789
-0.0982508
-0.148672
0.0402457
0.15864
0.0178592
-0.141131
-0.0696385
0.113114
0.113252
-0.0731897
-0.153271
0.0090601
0.159701
0.0556116
-0.120982
-0.103584
0.0614117
0.124683
-0.00428613
-0.123049
-0.0406737
0.105157
0.0696897
-0.0668263
-0.0770378
0.0195486
0.0745045
0.00989269
-0.0639345
-0.018237
0.048986
0.033282
-0.0318417
-0.0478079
0.00435321
0.0452945
0.0230535
-0.0342189
-0.0345345
0.0251675
0.0384737
-0.0161548
-0.0360445
-0.00330279
0.0320703
0.0304621
-0.0282777
-0.0376073
0.0029374
0.0225352
0.027249
-0.00907896
-0.043841
-0.00874108
0.0503378
0.0291872
-0.0396469
-0.0420603
0.00741385
0.0345154
0.0213025
-0.0176238
-0.0266078
0.000558644
0.00164792
0.00559932
0.0193435
-0.00393572
-0.0247103
-0.00951648
0.0228934
0.0200515
-0.0237584
-0.0256891
0.0118209
0.0163047
-0.00108613
-0.0085129
-0.00481508
0.0134868
-0.0016907
-0.023781
-0.00240225
0.0206907
0.0244301
-0.00836945
-0.0399959
-0.0101181
0.0415129
0.0211925
-0.0339675
-0.0232909
0.0187884
0.0287819
-0.00803533
-0.0290684
0.000838413
0.0215326
0.000685804
-0.0172079
0.00636948
0.0181439
0.00393315
-0.0193399
-0.0207429
0.018721
0.0360927
-0.0074238
-0.039142
0.000384676
0.0297848
0.0191127
-0.0133726
-0.0411415
0.000704297
0.0464667
0.0210187
-0.0242295
-0.0394536
-0.00560475
0.0417897
0.028763
-0.0356949
-0.0425173
0.0267878
0.0480379
-0.0108661
-0.0492443
-0.0105374
0.0454084
0.0243013
-0.0468216
-0.0280743
0.0532051
0.0308989
-0.0547547
-0.0417259
0.0430091
0.057664
-0.0194545
-0.0686637
-0.000891758
0.0648029
0.0142122
-0.05106
-0.0324002
0.029674
0.0399486
-0.00561331
-0.0337248
-0.0155389
0.0255067
0.0206568
-0.026804
-0.0220624
0.0193594
0.0311745
-0.00631381
-0.0511145
-0.0108209
0.0581904
0.0293414
-0.0457005
-0.048525
0.0282813
0.0712314
-0.00543177
-0.079409
-0.0287515
0.0603659
0.0677735
-0.0285
-0.0843743
-0.00440365
0.0775162
0.0393565
-0.061042
-0.0684658
0.0378651
0.0813019
-0.00958045
-0.0670884
-0.0186309
0.045085
0.0413317
-0.0333975
-0.047597
0.0303757
0.0568733
-0.0187092
-0.0725097
-0.00876219
0.0778238
0.0452762
-0.0684844
-0.0790682
0.0463753
0.106057
-0.00931063
-0.113104
-0.0390225
0.0942295
0.084768
-0.0604638
-0.103385
0.0192741
0.0986569
0.0173121
-0.0835163
-0.0433662
0.058994
0.0644732
-0.0268611
-0.0722937
-0.0160552
0.0594422
0.0472848
-0.0401025
-0.0617166
0.0125065
0.0664239
0.014564
-0.0621237
-0.0409519
0.0405174
0.0606991
-0.0138326
-0.0678295
-0.0147838
0.0649863
0.0389543
-0.0547678
-0.0643128
0.0332592
0.0884001
-0.00506584
-0.0934809
-0.0309689
0.0723792
0.0611863
-0.0529693
-0.0807595
0.0427092
0.0836432
-0.0238822
-0.0779162
-0.00849818
0.0740633
0.0401827
-0.062915
-0.0600482
0.0434117
0.0728426
-0.0102665
-0.0724193
-0.0300566
0.0551698
