8.86433e-06
3.28477e-06
1.78628e-06
2.90107e-06
2.6552e-06
2.62912e-06
2.23052e-06
2.43727e-06
2.09548e-06
1.98465e-06
1.46497e-06
2.0694e-06
2.18395e-06
1.41654e-06
1.28616e-06
1.64937e-06
1.67917e-06
1.60839e-06
1.49198e-06
1.35042e-06
2.23517e-06
2.13739e-06
1.42958e-06
1.64751e-06
1.80583e-06
1.67452e-06
1.21631e-06
1.13528e-06
1.44355e-06
1.53668e-06
1.02911e-06
8.96864e-07
8.4471e-07
1.19209e-06
8.23289e-07
8.41916e-07
1.26101e-06
1.23121e-06
8.96864e-07
9.34117e-07
1.14832e-06
1.25635e-06
1.13621e-06
1.1446e-06
1.59629e-06
1.37277e-06
8.91276e-07
1.28802e-06
1.31689e-06
1.19489e-06
1.22376e-06
1.40257e-06
9.60194e-07
4.76837e-07
3.13856e-07
6.64964e-07
7.35745e-07
8.58679e-07
8.17701e-07
6.82659e-07
8.73581e-07
5.60656e-07
7.45989e-07
6.53788e-07
6.42613e-07
8.65199e-07
5.48549e-07
9.81614e-07
4.65661e-07
4.75906e-07
8.47504e-07
5.31785e-07
1.84402e-07
1.49012e-07
5.55068e-07
-4.37722e-08
2.70084e-07
1.01514e-07
-6.0536e-08
1.73226e-07
-7.35745e-08
5.80214e-07
-2.51457e-08
-2.52388e-07
-1.44355e-07
-6.70552e-08
3.03611e-07
5.12227e-08
3.71598e-07
1.36904e-07
3.81842e-08
1.88127e-07
5.58794e-09
-4.93601e-08
3.20375e-07
4.58211e-07
5.21541e-07
3.77186e-07
9.40636e-08
6.16536e-07
4.06988e-07
3.99537e-07
2.70084e-07
2.06754e-07
3.33413e-07
-7.45058e-09
1.53668e-07
5.04777e-07
4.39584e-07
4.85219e-07
4.2934e-07
4.72181e-07
5.48549e-07
-2.23517e-08
7.86036e-07
5.44824e-07
2.18861e-07
2.18861e-07
3.53903e-07
9.32254e-07
5.24335e-07
3.78117e-07
6.73346e-07
3.22238e-07
3.41795e-07
3.42727e-07
2.3935e-07
1.29454e-07
1.58325e-07
7.24569e-07
5.07571e-07
1.87196e-07
2.90573e-07
-2.44007e-07
-3.84636e-07
2.30968e-07
1.3411e-07
-1.35973e-07
-3.19444e-07
-3.3807e-07
-1.86265e-08
-7.82311e-08
-6.80797e-07
-3.27826e-07
-2.35625e-07
-6.1281e-07
-3.37139e-07
-1.94646e-07
-2.32831e-07
-5.60656e-07
-3.7346e-07
2.79397e-09
-4.65661e-07
-6.20261e-07
-6.82659e-07
-6.33299e-08
-4.1537e-07
-1.99303e-07
-3.27826e-07
-4.48897e-07
-1.76951e-08
-3.96743e-07
-2.37487e-07
-3.75323e-07
-3.41795e-07
-1.82539e-07
-1.68569e-07
-4.35859e-07
-5.02914e-07
-2.98023e-08
-2.89641e-07
-1.96509e-07
2.03028e-07
-5.84871e-07
-5.52274e-07
-3.70666e-07
-9.40636e-08
-3.18512e-07
-5.73695e-07
-3.53903e-07
-1.08033e-07
-6.65896e-07
-9.72301e-07
-9.1549e-07
-8.41916e-07
-5.90459e-07
-7.3202e-07
-5.93252e-07
-6.50994e-07
-1.37649e-06
-1.15018e-06
-7.62753e-07
-7.21775e-07
-8.86619e-07
-1.2042e-06
-6.25849e-07
-5.73695e-07
-8.99658e-07
-9.34117e-07
-8.18633e-07
-8.26083e-07
-1.29919e-06
-1.11386e-06
-8.33534e-07
-1.31782e-06
-1.05053e-06
-7.86036e-07
-1.03284e-06
-9.32254e-07
-7.83242e-07
-9.89996e-07
-7.98143e-07
-1.1744e-06
-1.00676e-06
-8.15839e-07
-7.46921e-07
-1.99303e-07
-2.62633e-07
-6.75209e-07
-9.25735e-07
-5.50412e-07
-5.76489e-07
-4.9267e-07
-6.31437e-07
-6.45407e-07
-7.51577e-07
-8.13045e-07
-5.83008e-07
-5.65313e-07
-4.44241e-07
-8.76375e-07
-5.73695e-07
-6.72415e-07
-1.04588e-06
-8.03731e-07
-8.43778e-07
-6.25849e-07
-5.84871e-07
-6.29574e-07
-6.80797e-07
-7.32951e-07
-4.40516e-07
-4.14439e-07
-6.23055e-07
-7.1153e-07
-6.00703e-07
-4.47035e-07
-8.47504e-07
-8.40984e-07
-8.68924e-07
-8.54023e-07
-6.57514e-07
-9.27597e-07
-1.11572e-06
-1.11852e-06
-9.62988e-07
-1.2219e-06
-1.04308e-06
-8.5216e-07
-9.54606e-07
-8.47504e-07
-6.67758e-07
-8.18633e-07
-1.30478e-06
-9.48086e-07
-7.82311e-07
-5.28991e-07
-8.21427e-07
-1.30199e-06
-7.89762e-07
-1.00676e-06
-1.12411e-06
-1.18092e-06
-8.23289e-07
-9.22009e-07
-9.9279e-07
-6.88247e-07
-1.02259e-06
-1.34669e-06
-9.95584e-07
-8.62405e-07
-8.33534e-07
-5.40167e-07
-7.1153e-07
-7.55303e-07
-9.17353e-07
-6.43544e-07
-7.03149e-07
-9.23872e-07
-7.32951e-07
-7.03149e-07
-8.93138e-07
-8.39122e-07
-9.62056e-07
-7.10599e-07
-8.13976e-07
-9.42498e-07
-6.1933e-07
-7.89762e-07
-8.98726e-07
