0.249905
0.0838733
-0.135984
-0.140941
0.0163165
0.163196
0.115001
-0.0456092
-0.103461
-0.0337075
0.0629935
0.0899699
0.0277132
-0.0415991
-0.0512347
0.00160667
0.0650085
0.0586672
-0.0198252
-0.0610686
-0.00939437
0.0578379
0.0543232
-0.0147965
-0.0559318
-0.013895
0.0524902
0.0534458
-0.00986909
-0.0456641
-0.0121997
0.0316362
0.0333069
0.00625991
-0.0199114
-0.0229474
0.00324058
0.0271629
0.0172347
-0.00708533
-0.0255346
-0.018815
0.0195243
0.0339163
0.00547892
-0.0342522
-0.0413755
0.00905819
0.047373
0.0174793
-0.029861
-0.0407312
-0.0084414
0.028384
0.0277974
-0.00596415
-0.0294193
-0.0160366
-0.00379489
0.00620386
0.0209304
0.000501258
-0.0294634
-0.0280084
-0.00382752
0.0256685
0.0162847
-0.0331108
-0.0465802
-0.00636583
0.0329307
0.0224076
-0.0334289
-0.0603391
-0.0123408
0.042022
0.0333628
-0.0181912
-0.0595311
-0.0402357
0.0241558
0.0510198
0.0142817
-0.0413802
-0.0608984
-0.0187904
0.0449454
0.0529143
-0.0155995
-0.0725053
-0.0410797
0.0323974
0.0568402
-0.00175229
-0.0626508
-0.0373606
0.0240499
0.0372177
-0.00376317
-0.0392402
-0.0247868
0.0106221
0.0200046
6.40117e-05
-0.0184166
-0.0193506
-0.0103019
0.00557619
0.0229253
0.0076362
-0.033955
-0.0370093
0.00807616
0.0448111
0.0206481
-0.0421779
-0.0534749
0.00729983
0.0513036
0.0220568
-0.0363323
-0.0479528
-0.00102672
0.0382426
0.0228811
-0.0164748
-0.0328941
-0.0160929
0.0174446
0.030029
0.00329607
-0.0266427
-0.022804
0.00414948
0.0289133
0.0206437
-0.0198537
-0.0283507
0.00326382
0.0254345
0.0222356
-0.00910874
-0.0297555
-0.00265094
0.0246175
0.0162
-0.00541533
-0.0183462
-0.00743699
0.0147753
0.016138
-0.00163202
-0.0126574
-0.00673699
0.00530834
0.00975739
0.00556899
0.000489012
-0.00617651
-0.00783809
0.00191939
0.0128545
0.0113849
-0.00300314
-0.0131236
-0.00598485
0.0129989
0.0179598
-0.00142554
-0.0136436
-0.00433544
0.0113837
0.0150084
0.001442
-0.00519247
-0.000903076
0.00404757
0.0119018
0.00741199
-0.00341476
-0.000523165
0.00170204
0.00620169
0.0134029
0.00276368
-0.00596807
0.000624002
0.00928459
0.0150702
0.00724569
-0.00740046
-0.00233874
0.0103942
0.00857323
0.00505721
0.0020088
-0.000669991
0.00294358
0.000623922
0.00143968
0.0122561
0.00917288
-0.00723108
-0.00953791
0.00606074
0.0169511
0.00586609
-0.0125649
-0.00729571
0.0126071
0.0142182
-0.00229973
-0.0124222
-0.00182057
0.0168304
0.0100349
-0.0106086
-0.00739419
0.00595436
0.009155
0.00224753
-0.00313491
0.00349468
0.00430524
-0.00372469
-0.00304612
0.00487876
0.0121716
0.00288551
-0.016074
-0.00847322
0.0101303
0.0108207
0.000953609
-0.0103464
-0.0106734
0.000767839
0.00890101
0.00608535
-0.00234121
-0.0108563
-0.0115549
-0.000182061
0.0109758
0.0074396
-0.011574
-0.0223483
-0.00745928
0.0145357
0.0155976
-0.00890974
-0.0272128
-0.0116416
0.0144932
0.0181661
-0.00342836
-0.0237851
-0.017359
0.00487806
0.0158475
0.00402731
-0.013382
-0.0150395
-0.00623642
0.00249859
0.00645553
0.00284207
-0.00388148
-0.0126178
-0.0128024
0.00171916
0.0116442
0.00634301
-0.00916774
-0.0172259
-0.00427603
0.00967946
0.0076226
-0.000314269
-0.00763697
-0.00993674
-0.00299208
0.00647283
0.00920816
0.000261968
-0.011871
-0.0111011
0.00317609
0.012428
0.00518835
-0.0102701
-0.0151424
-0.000861885
0.0121819
0.00755161
-0.00559467
-0.0129925
-0.00604082
0.00511254
0.00613082
