1.34654
1.30459
1.199
1.05261
0.883531
0.707788
0.537573
0.387681
0.264656
0.172482
0.101822
0.0357239
-0.0335022
-0.108043
-0.187248
-0.272851
-0.361295
-0.445069
-0.510596
-0.543774
-0.539836
-0.497986
-0.425628
-0.330269
-0.221482
-0.111864
-0.0132009
0.0633192
0.116342
0.146848
0.158232
0.157354
0.151387
0.147197
0.147756
0.155704
0.168212
0.179944
0.184905
0.176391
0.149905
0.101911
0.0362184
-0.0417132
-0.124923
-0.204495
-0.273124
-0.32323
-0.351947
-0.358866
-0.349073
-0.330216
-0.307621
-0.28715
-0.271792
-0.264023
-0.262259
-0.262041
-0.25754
-0.241344
-0.2108
-0.165416
-0.108676
-0.0451913
0.0197919
0.078668
0.126307
0.158
0.1729
0.173951
0.165989
0.155026
0.144674
0.13881
0.140273
0.14892
0.161881
0.17467
0.181935
0.178113
0.161516
0.132844
0.0948312
0.0521414
0.010761
-0.0234686
-0.048075
-0.0628979
-0.070211
-0.0727792
-0.0737125
-0.0774705
-0.0862696
-0.100034
-0.116466
-0.131767
-0.141518
-0.142936
-0.134409
-0.113398
-0.0803767
-0.0396712
0.000545942
0.0344529
0.0587478
0.070944
0.0722979
0.0630805
0.0457312
0.0250026
0.00455411
-0.0117715
-0.0242894
-0.0335935
-0.0419947
-0.0532609
-0.0703443
-0.0979229
-0.136653
-0.184687
-0.238226
-0.29233
-0.341709
-0.37871
-0.39793
-0.397184
-0.378617
-0.345542
-0.301238
-0.250179
-0.196831
-0.148336
-0.108543
-0.0765547
-0.0479561
-0.0178366
0.0145586
0.0520748
0.0982505
0.155276
0.220958
0.286575
0.341363
0.375966
0.386172
0.370795
0.328671
0.259615
0.171853
0.0804107
-0.00257724
-0.0689743
-0.116907
-0.144873
-0.153321
-0.145518
-0.126556
-0.108424
-0.0982919
-0.097422
-0.102078
-0.10713
-0.108957
-0.100168
-0.074001
-0.0239852
0.0506832
0.144244
0.246
0.34277
0.427646
0.492218
0.529058
0.535347
0.514806
0.476268
0.42555
0.371896
0.321927
0.277822
0.241648
0.212477
0.186116
0.155223
0.115517
0.0646521
0.00257684
-0.0670723
-0.13956
-0.207974
-0.265556
-0.305365
-0.324495
-0.323492
-0.303916
-0.27069
-0.22868
-0.184971
-0.146149
-0.11555
-0.0932284
-0.0758921
-0.0613322
-0.046208
-0.0275167
-0.0030879
0.0288537
0.0667871
0.106662
0.142812
0.171659
0.189945
0.194827
0.18524
0.161274
0.126681
0.0867818
0.0477943
0.0138119
-0.0132727
-0.0317101
-0.0421459
-0.0464933
-0.049203
-0.0543187
-0.064435
-0.0809379
-0.102001
-0.125522
-0.148036
-0.165254
-0.173503
-0.170363
-0.156266
-0.133221
-0.105061
-0.0756119
-0.0488712
-0.0281292
-0.0138411
-0.00505282
0.00118563
0.00718991
0.0151135
0.026785
0.0422582
0.0619085
0.0834009
0.102621
0.116384
0.122036
0.118646
0.106042
0.0853672
0.0592434
0.0315008
0.00727948
-0.0109051
-0.0239587
-0.033277
-0.0404265
-0.0475539
-0.0565266
-0.0693474
-0.0872187
-0.108571
-0.12968
-0.14638
-0.156703
-0.16041
-0.156959
-0.145834
-0.12757
-0.104715
-0.0811368
-0.0602556
-0.0434977
-0.0306851
-0.0215295
-0.015259
-0.0108864
-0.00615731
0.00119235
0.0119749
0.0258792
0.0402085
0.0523259
0.0600546
0.0614195
0.055166
0.0402156
0.0178088
-0.0101311
-0.0410781
-0.070804
-0.0960667
-0.114593
-0.125583
-0.129652
-0.128316
