0.0135957
0.00877971
0.00278985
-0.00100996
-0.00209121
0.000149358
0.00134513
0.00110633
0.000196647
0.000256756
0.00118045
0.00225254
0.00207413
-7.01845e-05
-0.00218193
-0.00255367
-0.00135075
-8.9027e-05
-0.000159426
-0.00144572
-0.00313552
-0.00344502
-0.00125905
0.00129036
0.0027667
0.00256449
0.000497863
-0.000540839
-0.000179195
0.000484843
0.000186471
-0.00149543
-0.0027345
-0.00235509
0.000232023
0.00266806
0.00327221
0.00205408
-0.000121231
-0.00118796
-0.00106982
-0.000412113
-0.000344344
-0.00150327
-0.00214443
-0.00149562
0.000464126
0.00240464
0.00231515
0.000542396
-0.00112249
-0.00190344
-0.00119276
0.000440609
0.000906082
0.000188826
-0.00124186
-0.00175667
-0.000825889
0.000328506
0.000483733
-0.000180606
-0.000396293
-0.000290548
0.000453477
0.000625904
0.000118558
-0.000752145
-0.0021091
-0.00186174
-0.000476521
0.000838427
0.00158346
0.000843193
-0.000177298
-0.000460704
-4.1049e-05
0.000314834
0.000326281
-0.00052746
-0.00137171
-0.00118767
-0.00043544
0.00110986
0.00143174
0.000532946
-0.000535402
-0.000942668
-0.00031901
0.000603543
0.000826819
0.000254149
-1.91508e-05
6.55102e-05
0.000611453
0.000711702
0.000254449
-0.000432624
-0.000913784
-0.00049712
0.000556552
0.00139277
0.000949201
-0.000214759
-0.00162604
-0.00218883
-0.0016437
-0.0011973
-0.000858444
-0.000834545
-0.000992911
-0.001005
-0.000492228
4.97168e-05
-8.55336e-05
-0.000393333
-0.000782646
-0.00055198
3.71905e-05
0.000266742
0.000263862
-0.000476257
-0.000810845
-0.000755071
-0.000294677
0.00112334
0.00151605
0.000914748
0.00041381
-4.13004e-05
-5.33666e-05
-5.2657e-05
-0.00068875
-0.00154108
-0.00162713
-0.00086635
0.000347844
0.00147244
0.00167224
0.00113733
0.000406361
-0.000218211
-0.000183281
-3.13967e-05
-0.000203757
4.72721e-05
5.72093e-05
0.000708682
0.00134544
0.00125684
0.00134378
0.000885738
0.000663802
0.00067257
0.000564651
0.000521982
0.000339192
-9.56096e-05
-0.000849688
-0.000921884
-0.000215244
0.000670603
0.00143471
0.00118564
0.00075318
0.000379402
8.97059e-05
0.000164258
5.78677e-05
-0.000103373
-0.000169925
-0.000123191
0.000742598
0.0013509
0.0011127
0.001013
0.000434422
0.000289746
0.000344411
0.000320294
5.71646e-05
-0.000566337
-0.000859908
-0.000956442
-0.00018267
0.000208586
-1.05463e-05
-0.000328562
-0.00121991
-0.00126722
-0.000805366
-0.000719413
-0.000367121
-0.000461178
-0.000770633
-0.000519346
-0.000576279
-0.000760031
-0.000912534
-0.00117357
-0.000933646
-0.000325965
0.00025503
0.000413743
3.99463e-05
-0.000683439
-0.00117847
-0.000891409
-2.40123e-05
0.00122135
0.00152878
0.000925206
0.000127442
-0.000564045
-0.000407299
0.000249495
0.00039476
0.000300233
0.000334159
0.00082564
0.00124869
0.000843963
-3.47877e-05
-0.000950733
-0.00122589
-0.000820753
6.13192e-05
0.000708986
0.000916352
0.000417007
-0.000334205
-0.000483734
-0.000321072
-0.000336428
-0.000545718
-0.000735201
-0.000836434
-0.000291143
0.000278647
0.000679907
0.00048928
-0.000105593
-0.000149027
0.000290626
0.000907574
0.00103307
0.00032248
-0.000617868
-0.000913826
-0.000673023
-0.000178776
0.00020351
-9.3272e-06
-0.000152139
9.16859e-05
0.000476476
0.000758143
0.00049855
-0.000558145
-0.00152766
-0.00200518
-0.00181902
-0.000458875
0.000621818
0.000915786
0.000947097
0.000546303
0.000620073
0.000559648
-0.00028695
-0.00110972
-0.00150754
-0.00118882
-9.93293e-05
0.000800441
0.000895068
0.000354723
-0.000284786
-0.000113902
0.00029039
0.000122609
-0.00023436
-0.000691091
-0.000871641
-0.000830482
-0.000931399
-0.000850728
-0.000519176
-0.000132924
0.0002432
0.000706095
0.00091775
0.000813196
0.000301301
-0.000156599
-0.000345422
-0.000509501
-0.000390898
-0.000221866
0.00037341
