0.00254349
0.00178047
0.000462864
-0.000254262
-3.80911e-05
0.000670314
0.00102087
0.000697805
6.61053e-05
-0.000191123
8.02586e-05
0.000461976
0.000426164
-0.000149226
-0.000719042
-0.00074379
-0.000171791
0.000466286
0.000586192
0.000182572
-0.000357598
-0.000567682
-0.000295309
0.000109104
0.000249418
6.61667e-05
-0.000160323
-0.000175307
2.19354e-05
0.000187139
6.73234e-05
-0.00028761
-0.00060435
-0.000607521
-0.000354583
-9.97484e-05
1.546e-05
-2.95723e-05
-0.000115156
-0.000207935
-0.000302619
-0.00035903
-0.000393701
-0.000317289
-0.000114309
9.77712e-05
0.000183493
9.9672e-05
-2.63611e-05
-0.000101144
-9.73195e-05
-5.58207e-05
8.72649e-07
7.44145e-05
0.000145333
0.000236049
0.000235998
0.00013857
5.7295e-06
-0.000139262
-0.000151826
1.98372e-07
0.000169109
0.000237399
0.000255356
0.000225307
0.000120827
4.9849e-05
3.52887e-05
6.31362e-05
7.76965e-05
2.57427e-05
-1.80844e-05
-8.28505e-06
6.2325e-05
0.000115098
8.50912e-05
-1.98511e-05
-0.000173938
-0.000255417
-0.000253791
-0.000184326
-5.72335e-05
8.64267e-06
-3.87179e-05
-0.000176006
-0.000270688
-0.00024515
-0.000162051
-0.000118422
-0.000131697
-0.000106636
-3.00435e-05
5.82859e-05
0.000122275
9.99747e-05
-3.16165e-05
-0.000162503
-0.000144136
1.99405e-05
0.000172669
0.000191044
0.000102358
2.78093e-05
8.6939e-06
1.80155e-05
2.22279e-05
-1.06934e-05
-4.44604e-05
-3.47961e-05
1.74018e-05
6.95745e-05
6.07315e-05
-3.22228e-05
-0.000143826
-0.000175502
-0.000117771
-2.68044e-05
1.10744e-05
-4.33242e-05
-0.000108882
-0.000103949
-7.85105e-06
6.95186e-05
-1.45305e-05
-0.000168013
-0.000229594
-0.000146166
1.74344e-05
0.00012714
8.5379e-05
-2.89548e-05
-6.90753e-05
-9.07853e-06
7.45626e-05
5.43259e-05
-8.54023e-05
-0.000201973
-0.000148208
5.00986e-05
0.000196937
0.000147973
-7.6591e-05
-0.000283726
-0.000320136
-0.00018647
-3.32231e-05
4.41261e-06
-4.60148e-05
-0.000129585
-0.000171168
-0.000128727
-5.34914e-05
8.01682e-06
-2.35224e-05
-8.6776e-05
-3.56035e-05
0.000100766
0.000231554
0.000266032
0.000144267
-3.61307e-05
-9.89931e-05
-4.16581e-06
0.000142018
0.000209171
0.000163159
0.000109987
0.000110185
0.000119933
0.000143116
0.000129091
5.69187e-05
1.24658e-05
1.93156e-05
6.39446e-05
0.000110365
0.000154884
0.000196414
0.000188524
0.00011405
2.80421e-06
-4.57317e-05
1.95671e-06
0.000120758
0.000222422
0.000221081
0.000146414
2.65427e-06
-9.84576e-05
-5.343e-05
5.71264e-05
0.000100202
5.25368e-05
-2.60398e-06
-1.05724e-05
6.35255e-05
0.000139115
7.90637e-05
-0.000103706
-0.000220956
-0.000140781
6.80434e-05
0.000225636
0.000181579
-4.36977e-05
-0.000244275
-0.000244319
-6.78124e-05
9.84455e-05
8.67425e-05
-9.25688e-05
-0.000270823
-0.000256411
-6.69472e-05
9.46317e-05
6.18072e-05
-0.0001206
-0.000279856
-0.000293714
-0.000140611
1.65673e-05
2.93804e-05
-6.6191e-05
-0.000138344
-7.86427e-05
4.43775e-05
9.98937e-05
4.12427e-05
-6.73933e-05
-8.18688e-05
1.2422e-05
0.00013124
0.000183705
9.84706e-05
-5.94761e-05
-0.000159278
-0.000147808
-9.02591e-05
-7.06194e-05
-9.38475e-05
-0.000156082
-0.000184358
-0.00017859
-0.000214055
-0.000270475
-0.000264732
-0.000176848
-7.98041e-05
-4.41829e-05
-6.61444e-05
-7.53533e-05
3.93856e-06
0.000134391
0.000191637
0.000125406
-8.86153e-06
-8.92263e-05
-1.97589e-05
0.000149471
0.000238057
0.000157501
1.40509e-05
-5.44218e-05
-8.34092e-06
9.27392e-05
0.000148935
6.9363e-05
-6.40908e-05
-7.63796e-05
5.65173e-05
0.000222906
0.00023035
5.01424e-05
-0.000120044
-9.52184e-05
0.000124953
0.000336871
0.000347816
0.000168958
-1.86833e-05
-3.5923e-05
0.000107078
0.000226494
0.000165896
-1.90157e-05
-0.000136187
-9.89847e-05
3.99705e-05
0.000133806
8.76356e-05
-3.16994e-05
-0.000114743
-0.000102154
-2.59979e-05
2.3569e-05
-1.08778e-05
-7.41612e-05
-9.42992e-05
-4.42071e-05
