3.80145
3.57613
3.03172
2.34484
1.62327
0.959122
0.414692
-0.000700067
-0.282988
-0.411313
-0.462263
-0.527583
-0.637955
-0.783648
-0.953873
-1.15221
-1.38789
-1.64329
-1.82602
-1.85666
-1.68932
-1.32377
-0.831648
-0.29286
0.241256
0.716716
1.05517
1.23284
1.26853
1.18718
1.04136
0.889084
0.753147
0.63124
0.548696
0.515941
0.517043
0.522888
0.488379
0.37612
0.173053
-0.0971371
-0.406458
-0.723039
-1.01013
-1.22535
-1.3265
-1.30423
-1.17742
-0.982593
-0.754268
-0.523588
-0.313603
-0.150293
-0.0680896
-0.0708999
-0.132101
-0.211708
-0.274568
-0.294816
-0.262825
-0.179538
-0.0455603
0.113663
0.248089
0.308299
0.271273
0.139974
-0.0664875
-0.319214
-0.58881
-0.836547
-1.01523
-1.08589
-1.03833
-0.89396
-0.688659
-0.46015
-0.238148
-0.0507471
0.0757905
0.131385
0.13102
0.111949
0.118027
0.182176
0.307461
0.48058
0.689185
0.911105
1.10505
1.2254
1.23262
1.09535
0.822766
0.457969
0.0452705
-0.374022
-0.750888
-1.03301
-1.18449
-1.19423
-1.10334
-0.981003
-0.871655
-0.792306
-0.743748
-0.718406
-0.715554
-0.731599
-0.709516
-0.58041
-0.325876
0.0474759
0.523239
1.06419
1.62833
2.17374
2.59959
2.78562
2.70956
2.43247
2.02908
1.57887
1.14638
0.754697
0.433123
0.214145
0.0852212
-0.00623438
-0.116254
-0.269177
-0.465991
-0.69112
-0.939131
-1.19802
-1.42548
-1.57181
-1.58644
-1.44807
-1.18126
-0.839676
-0.460776
-0.0789477
0.260267
0.528272
0.705557
0.786542
0.786995
0.744644
0.688111
0.632202
0.596778
0.593333
0.621042
0.66273
0.687465
0.65417
0.534037
0.329135
0.0645448
-0.225802
-0.511136
-0.756368
-0.930389
-1.01524
-1.00924
-0.927863
-0.798836
-0.653064
-0.507216
-0.376073
-0.281404
-0.23789
-0.24242
-0.277047
-0.31255
-0.315149
-0.272027
-0.187602
-0.0667613
0.0784302
0.218531
0.316526
0.346058
0.292234
0.162108
-0.0174327
-0.217555
-0.412093
-0.576126
-0.683549
-0.719476
-0.684927
-0.599817
-0.491977
-0.381246
-0.283209
-0.207825
-0.161147
-0.140349
-0.135869
-0.122924
-0.0715721
0.0297777
0.178787
0.360811
0.557091
0.741444
0.887184
0.967571
0.958791
0.853529
0.663024
0.4189
0.153968
-0.106763
-0.34145
-0.522589
-0.63206
-0.672374
-0.661786
-0.637439
-0.628444
-0.639744
-0.66076
-0.686696
-0.718628
-0.740564
-0.717978
-0.612979
-0.410816
-0.117875
0.245873
0.65014
1.06465
1.45526
1.76214
1.91392
1.90047
1.76313
1.5464
1.29307
1.03846
0.801893
0.596403
0.444531
0.340777
0.246669
0.130598
-0.0192853
-0.204681
-0.420537
-0.653238
-0.887751
-1.09078
-1.22054
-1.24628
-1.15997
-0.983277
-0.751851
-0.499637
-0.24959
-0.0278895
0.149185
0.279699
0.364154
0.411627
0.439019
0.461524
0.480643
0.504438
0.539571
0.581165
0.621101
0.641939
0.619371
0.532248
0.383026
0.187178
-0.0313443
-0.243957
-0.429161
-0.567995
-0.649329
-0.671334
-0.647418
-0.596306
-0.534743
-0.473536
-0.416276
-0.370656
-0.340507
-0.325617
-0.319077
-0.307529
-0.275597
-0.217488
-0.14018
-0.0462207
