0.0759201
0.0491539
0.00839427
-0.00359751
0.00781938
0.0178528
0.0137063
0.0107934
0.0216376
0.0339614
0.0310806
0.0157866
0.00162141
-0.00220279
0.00506717
0.0155237
0.0200934
0.0155452
0.00644538
0.000191969
-0.000321611
0.00282434
0.00542692
0.00679405
0.00864583
0.00957964
0.00688211
0.000280531
-0.00659023
-0.00869022
-0.00306791
0.00591102
0.0091179
0.00497145
-0.00256275
-0.00800837
-0.00834693
-0.00589413
-0.00198457
0.00116177
0.00238061
0.00181946
-0.00139556
-0.0072614
-0.0138759
-0.0163739
-0.0117389
-0.00341684
0.00177933
0.00154144
-0.00174579
-0.00611549
-0.00949498
-0.0106694
-0.010476
-0.00816992
-0.00542224
-0.00488861
-0.00609566
-0.00883135
-0.0109546
-0.0101524
-0.00851634
-0.00745336
-0.00455678
-0.00282338
-0.00635357
-0.0129404
-0.0180147
-0.016891
-0.0117633
-0.00803995
-0.00588365
-0.00410139
-0.00339741
-0.00607872
-0.0124467
-0.0177665
-0.0174337
-0.0126042
-0.00771466
-0.00505341
-0.00532731
-0.00748776
-0.00980293
-0.0120251
-0.0136219
-0.0127454
-0.00792121
-0.00220574
-0.000870232
-0.00390988
-0.00695558
-0.00775667
-0.00820116
-0.00920377
-0.00854993
-0.00360339
0.00193531
0.00227563
0.000180234
-0.001031
-0.0012394
-0.00230615
-0.00431896
-0.00241141
0.00301633
0.00573154
0.00316552
-0.00113746
-0.00153301
0.00172349
0.00294938
0.00174273
0.00264808
0.00575599
0.00653217
0.00237569
-0.00282951
-0.00306667
0.00162334
0.00651444
0.00927557
0.010486
0.00886353
0.00459635
0.00198718
0.00204401
0.00250943
0.00301029
0.00493815
0.0107212
0.0154031
0.00987246
-0.00276704
-0.00856683
-0.00151995
0.00751398
0.00910233
0.00685406
0.00789332
0.0109093
0.00804965
-0.000775866
-0.00700688
-0.00437902
0.00467738
0.0120877
0.0126513
0.00822376
0.00396245
0.00279244
0.00314553
0.00227646
0.00247019
0.00607357
0.0100495
0.00968187
0.00375804
-0.00199239
-0.00230365
0.0014201
0.00662341
0.0105107
0.00945475
0.00329176
-0.00421953
-0.00694946
-0.00399197
-0.00155254
-0.00213764
-0.000219105
0.00693131
0.0103484
0.00278682
-0.00874086
-0.012735
-0.0071412
0.000325641
0.00336145
0.0035401
0.00373047
0.00146154
-0.00463416
-0.00972494
-0.00845193
-0.00144194
0.00430178
0.00490257
0.00229691
-0.00059849
-0.00360401
-0.00788727
-0.00998207
-0.00645499
-0.00010861
0.00373784
0.00265551
-0.00256134
-0.00867679
-0.0118485
-0.0106377
-0.00540427
0.000162632
0.00165608
-0.000588784
-0.00414462
-0.007893
-0.0107321
-0.0119045
-0.010278
-0.00403051
0.00347202
0.00487541
-0.00111906
-0.00830593
-0.0107841
-0.00904483
-0.00723543
-0.00605123
-0.00300422
0.00172715
0.00289897
-0.00184669
-0.00707642
-0.00712498
-0.00253575
0.00105811
0.000892481
-0.000504695
-0.00146486
-0.00294671
-0.00502102
-0.00446972
-0.000774934
0.00137251
0.00113643
0.00136607
0.00154968
-0.00137539
-0.00566757
-0.00637489
-0.0021086
0.00369333
0.00602172
0.00373237
-0.000250633
-0.0022084
-0.0023318
-0.00229275
-0.000908088
0.00184687
0.00543309
0.00783674
0.00717525
0.00464417
0.000751517
-0.00242154
-0.00170404
0.00197682
0.00573038
0.00748585
0.00699769
0.00566376
0.00494398
0.00437233
0.00253884
0.00108927
0.00182849
0.00413661
0.00626287
0.00542734
0.00230644
0.00160575
0.00352253
0.00482581
0.00474788
0.0035301
0.00332621
0.00507742
0.00573852
0.00423768
0.00212612
0.00205882
0.00416412
0.00527472
0.00467579
0.00377049
0.00459673
0.00562881
0.00297847
3.64976e-05
0.00279488
0.00792507
0.0077796
0.00352871
0.00182823
0.00453813
0.00647303
0.00196809
