1.48388e-05
8.14255e-06
7.70297e-06
8.69296e-06
7.06688e-06
7.9181e-06
6.9309e-06
7.17305e-06
6.8536e-06
6.76606e-06
6.17001e-06
5.95488e-06
5.78538e-06
5.4827e-06
5.12786e-06
4.65754e-06
4.46849e-06
3.8771e-06
3.75696e-06
3.7225e-06
3.10317e-06
2.32738e-06
2.42982e-06
2.35904e-06
2.06847e-06
1.23493e-06
1.17347e-06
1.35042e-06
9.62056e-07
7.80448e-07
5.89527e-07
7.72066e-07
1.02818e-06
9.31323e-08
4.56348e-08
3.03611e-07
3.99537e-07
5.30854e-08
-2.0396e-07
1.43424e-07
-2.19792e-07
-1.19209e-07
1.86265e-08
9.40636e-08
2.8871e-08
1.08965e-07
2.24449e-07
2.83122e-07
3.23169e-07
4.00469e-08
5.84871e-07
4.6473e-07
-5.30854e-08
1.83471e-07
2.23517e-08
3.68804e-07
6.2678e-07
5.17815e-07
4.91738e-07
4.56348e-07
9.34117e-07
9.59262e-08
8.81962e-07
9.37842e-07
5.73695e-07
9.08971e-07
3.99537e-07
5.02914e-07
8.3819e-07
1.1418e-06
6.13742e-07
7.28294e-07
1.08685e-06
1.03563e-06
3.74392e-07
1.13714e-06
1.55065e-06
1.26194e-06
1.32155e-06
1.16881e-06
1.83936e-06
1.55158e-06
1.53389e-06
1.0794e-06
1.12876e-06
9.2946e-07
1.28057e-06
1.45659e-06
9.18284e-07
1.37743e-06
1.32713e-06
1.87941e-06
1.64472e-06
1.25542e-06
1.28616e-06
1.52737e-06
1.08406e-06
9.24803e-07
1.04029e-06
1.10362e-06
1.6382e-06
1.28429e-06
7.20844e-07
9.89996e-07
9.26666e-07
4.014e-07
2.16067e-07
4.73112e-07
4.88944e-07
7.73929e-07
4.53554e-07
3.61353e-07
2.09548e-07
2.48663e-07
-1.47149e-07
-5.33648e-07
-2.98023e-08
-5.01052e-07
-2.2538e-07
-3.0268e-07
-9.22009e-07
-7.50646e-07
-8.50298e-07
-1.08778e-06
-1.02818e-06
-6.50994e-07
-7.45989e-07
-5.25266e-07
-9.65782e-07
-7.69272e-07
-1.31875e-06
-8.17701e-07
-5.69969e-07
-1.3737e-06
-6.59376e-07
-1.4361e-06
-1.05612e-06
-1.13435e-06
-1.23773e-06
-8.49366e-07
-9.99309e-07
-9.72301e-07
-1.43237e-06
-8.64267e-07
-1.41189e-06
-1.44821e-06
-1.45566e-06
-2.05357e-06
-1.42679e-06
-1.41561e-06
-1.89617e-06
-1.16974e-06
-1.70618e-06
-1.85147e-06
-1.57859e-06
-1.7425e-06
-2.03867e-06
-1.72853e-06
-1.67731e-06
-2.05915e-06
-1.56276e-06
-2.1318e-06
-2.00141e-06
-1.28988e-06
-1.67266e-06
-1.83284e-06
-1.55997e-06
-1.45379e-06
-1.61119e-06
-1.51526e-06
-1.45752e-06
-1.2815e-06
-8.58679e-07
-8.55885e-07
-1.22376e-06
-1.07475e-06
-9.00589e-07
-7.86968e-07
-3.46452e-07
-3.88362e-07
-5.2806e-07
-2.6077e-08
3.26894e-07
-5.41098e-07
-8.84756e-08
6.98492e-07
3.0268e-07
7.68341e-07
3.11062e-07
7.93487e-07
1.08778e-06
9.75095e-07
9.17353e-07
6.14673e-07
1.37929e-06
1.04215e-06
1.05798e-06
1.01328e-06
9.83477e-07
1.23121e-06
1.17905e-06
1.27498e-06
1.43796e-06
1.30944e-06
1.32155e-06
1.2219e-06
7.59959e-07
1.11107e-06
1.02166e-06
1.54786e-06
8.3819e-07
3.94881e-07
5.71832e-07
3.46452e-07
8.35396e-07
2.54251e-07
4.71249e-07
4.93601e-07
1.75089e-07
-1.2666e-07
3.54834e-07
7.82311e-08
-3.8743e-07
-3.59491e-07
-6.67758e-07
-5.44824e-07
-8.59611e-07
-1.03936e-06
-1.02259e-06
-9.49018e-07
-1.07847e-06
-1.42865e-06
-1.28988e-06
-1.16136e-06
-1.25077e-06
-1.60094e-06
-1.35507e-06
-1.57859e-06
-1.6354e-06
-1.8049e-06
-1.39792e-06
-8.25152e-07
-1.31316e-06
-1.25356e-06
-9.5088e-07
-1.05798e-06
-1.18557e-06
-9.99309e-07
-9.7882e-07
-1.20699e-06
-4.23752e-07
-6.0536e-07
-2.98955e-07
-1.50874e-07
-4.70318e-07
-2.96161e-07
-2.7474e-07
-8.00937e-08
-5.96046e-08
-4.93601e-08
3.57628e-07
1.05239e-07
6.44475e-07
5.12227e-07
4.94532e-07
6.69621e-07
1.37836e-07
6.10016e-07
4.59142e-07
1.60187e-07
3.43658e-07
2.44938e-07
4.68455e-07
5.02914e-07
1.53668e-07
1.27591e-07
5.41098e-07
8.28877e-08
1.00583e-07
4.17233e-07
4.06988e-07
4.08851e-07
5.90459e-07
2.52388e-07
4.32134e-07
5.16884e-07
5.68107e-08
1.86265e-07
2.07685e-07
4.58211e-07
4.13507e-07
2.87779e-07
9.12696e-08
2.19792e-07
6.25849e-07
5.4948e-07
8.65199e-07
8.49366e-07
1.05705e-06
8.86619e-07
