0.154811
0.149758
0.135522
0.113883
0.0869945
0.0570088
0.0259931
-0.00376136
-0.0299777
-0.050883
-0.0657929
-0.0747645
-0.0785053
-0.0777977
-0.0734755
-0.0666351
-0.0583848
-0.0497875
-0.0414872
-0.03367
-0.0260589
-0.018245
-0.00985286
-0.00069984
0.00915043
0.0195858
0.030318
0.0408817
0.0504872
0.0581184
0.062735
0.0635936
0.0603927
0.0531394
0.0421007
0.0277537
0.0109973
-0.0068942
-0.024428
-0.0402594
-0.0534045
-0.0632172
-0.0693185
-0.0715022
-0.0699082
-0.0650399
-0.0577273
-0.0488734
-0.039301
-0.0296726
-0.02047
-0.0120607
-0.00461278
0.00186982
0.00755502
0.0126947
0.0175426
0.0222261
0.0267159
0.0308224
0.0342275
0.0366118
0.0376547
0.0370643
0.0345985
0.0301436
0.023778
0.0158463
0.00690785
-0.00237846
-0.0112989
-0.0191898
-0.0254242
-0.0295003
-0.0311272
-0.0302602
-0.0271525
-0.0222464
-0.0160987
-0.0092966
-0.00243545
0.00393998
0.00938704
0.0136184
0.0165367
0.0181743
0.0187191
0.0184223
0.0175808
0.0164757
0.015291
0.0141259
0.0129884
0.011785
0.0103464
0.00849188
0.00603641
0.00291449
-0.000827974
-0.00506347
-0.00956847
-0.0140736
-0.0182586
-0.0217655
-0.0242622
-0.0255096
-0.0253599
-0.0238271
-0.0210686
-0.0173233
-0.0129175
-0.00821659
-0.00358792
0.000612662
0.00410543
0.00676589
0.00857307
0.00959177
0.00994645
0.0097578
0.0092116
0.00851737
0.00786555
0.00738435
0.00709471
0.00692446
0.0067886
0.00659146
0.00622951
0.00564997
0.00477104
0.00357325
0.002146
0.000621833
-0.000821024
-0.0020075
-0.002818
-0.00316432
-0.00295297
-0.00218064
-0.000900229
0.00077447
0.00264247
0.00449482
0.00612383
0.00737406
0.00815603
0.00843495
0.00820816
0.00752861
0.00651029
0.00531301
0.00413642
0.00310762
0.00228898
0.00168893
0.00130134
0.00111484
0.00106681
0.0010413
0.000867114
0.000439681
-0.000290498
-0.00130555
-0.00254977
-0.00395767
-0.00543107
-0.00684682
-0.0080357
-0.00888898
-0.00933103
-0.00936293
-0.00902889
-0.00839114
-0.00755999
-0.00664496
-0.00577573
-0.005049
-0.00453709
-0.00425661
-0.00417738
-0.00422097
-0.00423873
-0.00410116
-0.00370642
-0.00299377
-0.00194018
-0.000545466
0.00114681
0.00302253
0.0048903
0.00656416
0.00789809
0.00876802
0.00909628
0.00882536
0.00797171
0.00663891
0.00499726
0.00324364
0.00153246
1.41589e-05
-0.00119705
-0.00201648
-0.00243073
-0.00247583
-0.00224025
-0.001834
-0.00135891
-0.000950606
-0.000674711
-0.000560222
-0.000575328
-0.000623505
-0.000602725
-0.000397883
0.000105872
0.00100687
0.00233415
0.00405351
0.00602423
0.0080704
0.0100168
0.0116376
0.0127073
0.0129785
0.0122907
0.0106114
0.00802974
0.00472987
0.000960595
-0.00296688
-0.00671503
-0.00994293
-0.0124195
-0.0140239
-0.014737
-0.0146164
-0.0137592
-0.012342
-0.0105874
-0.00871329
-0.00689283
-0.00523554
-0.0038043
-0.00262043
-0.00167193
-0.000905807
-0.000228062
0.000455714
0.00121127
0.00203601
0.00288226
0.00368058
0.00437285
0.00491826
0.00524608
0.00528234
0.00496339
0.004266
0.00323766
0.00196942
0.000557804
-0.000916747
-0.00234157
-0.00357865
-0.00449317
-0.00497378
-0.00500718
-0.00465144
-0.00400329
-0.0031287
-0.00208271
-0.000941883
0.000189926
0.00116445
0.00189728
0.00236858
0.00263172
0.0027438
0.00274565
0.00266663
0.00256825
0.00259398
0.00283783
0.00333518
0.00400073
0.00469471
0.00533519
0.00589537
0.00633303
0.0065502
0.0064033
0.00573021
0.0045463
0.00297218
0.00116081
-0.00071277
-0.00251523
-0.0041148
