0.00824243
0.00556856
0.00276607
0.00173974
0.00155415
0.00235024
0.00233149
0.0018864
0.00181998
0.00184662
0.00168307
0.0014114
0.000471657
-0.000895595
-0.0013701
-0.000971216
-0.000257234
0.000318725
-0.000123153
-0.00104303
-0.00142785
-0.00168885
-0.00155853
-0.00100018
-0.000920055
-0.00105633
-0.0012419
-0.00131284
-0.00123653
-0.00136928
-0.00189746
-0.00235207
-0.0022537
-0.00187734
-0.0013799
-0.000925704
-0.000787349
-0.000791957
-0.00102383
-0.00127911
-0.000765787
-0.000310067
-0.000319818
-0.000193522
-8.26968e-05
9.34536e-05
0.000211894
0.000328203
0.000536358
0.000464965
0.000181153
1.39112e-05
0.000107368
0.000231646
-9.96888e-05
-0.000377227
-0.000536238
-0.00028472
0.000100617
0.000204024
2.10246e-05
-0.000289748
-0.000583477
-0.000835278
-0.00072997
-0.000435347
-0.000376918
-0.000363619
-0.000107345
-9.38075e-05
4.01279e-05
-3.52282e-05
-0.000298978
-0.000266304
-0.000236545
-5.28758e-05
0.000277115
0.000605687
0.000827238
0.000669147
0.00046957
0.000562974
0.000816885
0.000893814
0.000879328
0.00102657
0.0012114
0.0013314
0.00151304
0.00147281
0.00123806
0.00103204
0.000871213
0.00112629
0.00156428
0.0015856
0.0013702
0.000993391
0.000691728
0.000654078
0.000469472
0.000308158
0.000454635
0.000277443
-0.000195133
-0.000304895
-9.16775e-05
-0.000116817
-0.00032185
-0.000776998
-0.00122116
-0.0011325
-0.00120321
-0.00163029
-0.00171531
-0.0017834
-0.00178497
-0.00132628
-0.00110751
-0.00116116
-0.00169239
-0.0021566
-0.0019048
-0.00153819
-0.0014046
-0.00117686
-0.000820118
-0.000559802
-0.000588529
-0.000692066
-0.000749609
-0.000644799
-0.000346886
-5.0934e-06
0.000436411
0.000677296
0.000690984
0.000610019
0.000483478
0.000445887
0.000433318
0.00036139
0.000553848
0.000969582
0.00116017
0.00105739
0.000905276
0.000670293
0.000486329
0.000409993
0.000439974
0.000626474
0.000605827
0.000382427
0.000276215
0.000379784
0.000439325
0.000174033
-0.000116155
-0.00018953
2.43988e-05
0.000306889
0.000375075
0.000157993
-0.000302405
-0.000561692
-0.000364456
9.58871e-05
0.000155864
-0.000201815
-0.00022656
-0.000120209
-5.94324e-05
-9.21339e-05
-0.000172953
-0.00013072
-2.0151e-05
-9.19029e-06
-8.19657e-05
3.72892e-05
0.000154474
3.46154e-05
-9.42685e-06
9.93786e-05
0.000378655
0.000576219
0.000333818
0.000130922
0.000160034
0.000196277
0.000226064
0.000199386
0.000162685
0.000114227
2.2117e-05
8.41543e-05
6.83013e-05
-4.72218e-05
-0.000183535
-0.000496359
-0.000714214
-0.000755116
-0.000637127
-0.000503136
-0.000403725
-0.000509078
-0.000777616
-0.000864003
-0.000818253
-0.000493316
-0.000250813
-0.000229388
-0.000276016
-0.00026969
-9.18023e-05
-6.48592e-05
-0.000294443
-0.000405011
-0.000213676
2.48263e-05
0.000345928
0.000491076
0.000271044
0.000105282
8.56416e-05
0.00015399
0.00028115
0.000387209
0.000470012
0.000532252
0.000492207
0.000369612
0.00033806
0.000421326
0.000513981
0.000446402
0.000470864
0.000595254
0.000766514
0.000697477
0.000511638
0.000363007
6.88005e-05
6.8198e-05
0.000200171
0.000367414
0.000476354
0.000241737
-7.39843e-05
-4.47975e-05
0.000187394
7.7121e-05
-7.30883e-05
-6.51041e-05
9.40412e-05
0.000301724
0.000138714
-2.63108e-05
-3.01898e-05
2.5738e-05
5.46696e-05
7.84881e-05
6.54655e-05
0.000108815
0.000200984
2.29441e-05
-0.000117895
-0.000295999
-0.000380556
-0.000137636
0.000136384
2.90172e-05
-0.000396937
-0.000519461
-0.000416089
-0.000296089
-0.000229686
-0.000333088
-0.000321643
-0.000214675
-0.000331954
-0.000324586
-0.000267593
-0.000318427
-0.000328468
-0.000356623
-0.000147916
0.000129461
5.96978e-07
-0.000291219
-0.000456527
-0.000489816
-0.000380056
-0.000205875
-0.000153007
-0.000172051
-0.000198467
-8.69883e-05
0.000182133
0.000270318
