0.0574745
0.0566657
0.0552013
0.0534957
0.0513043
0.049088
0.0468598
0.0444644
0.042099
0.0396375
0.0364351
0.0327178
0.0289287
0.0248908
0.020806
0.0168734
0.0129763
0.00923263
0.00580605
0.00235095
-0.00108525
-0.00415451
-0.00710109
-0.00996041
-0.0126782
-0.0154179
-0.0181651
-0.0207572
-0.0231269
-0.0252986
-0.0270331
-0.0282811
-0.0293019
-0.0301458
-0.0309376
-0.0319283
-0.0329928
-0.0339702
-0.0348976
-0.0355453
-0.0357596
-0.0356879
-0.0353595
-0.0348652
-0.0344303
-0.0340422
-0.0335654
-0.0330552
-0.0324816
-0.0316335
-0.0305917
-0.029394
-0.0279301
-0.0263547
-0.0246192
-0.0225998
-0.0204016
-0.0180985
-0.0156991
-0.0132934
-0.0110062
-0.00876983
-0.00654418
-0.00427081
-0.0018459
0.000723273
0.00333937
0.00593231
0.00844293
0.0105967
0.0123783
0.0139426
0.0153556
0.0167775
0.0182206
0.0196546
0.0210033
0.022259
0.0232946
0.0238851
0.0242088
0.0243264
0.0242511
0.024168
0.0239994
0.0236583
0.0232709
0.022771
0.0219887
0.0210518
0.020005
0.0188188
0.0176022
0.0163206
0.0148621
0.0133028
0.0117427
0.0100744
0.00836447
0.00676408
0.00517423
0.00364488
0.00222884
0.000704898
-0.000900865
-0.00245742
-0.00402932
-0.00554681
-0.00688925
-0.00807129
-0.00909944
-0.00993043
-0.0106818
-0.0114535
-0.0121475
-0.0127567
-0.0133073
-0.0137129
-0.0139417
-0.014051
-0.0139866
-0.0137775
-0.0135672
-0.013282
-0.0128789
-0.0124067
-0.0118411
-0.0111688
-0.0104556
-0.00972547
-0.0089161
-0.00814077
-0.00741107
-0.00657646
-0.0057018
-0.00480905
-0.00381092
-0.00283275
-0.00194799
-0.00105261
-0.000248098
0.000425087
0.00112133
0.00181497
0.00247403
0.00318466
0.00389008
0.00448474
0.00503663
0.00554647
0.00592127
0.00624971
0.00659946
0.00687527
0.0071485
0.00744489
0.00762713
0.00777269
0.00790932
0.00795987
0.00796857
0.00799463
0.00798576
0.00792555
0.00787681
0.00772927
0.00748687
0.00728392
0.00704291
0.00673567
0.00650068
0.00625435
0.00592784
0.00565351
0.0052702
0.00475648
0.00427812
0.00376286
0.00319991
0.00268889
0.00221892
0.00170052
0.00124148
0.000763047
0.000162524
-0.000374364
-0.000922011
-0.00151854
-0.00203525
-0.00251053
-0.0029988
-0.0034018
-0.00377301
-0.00420725
-0.00453885
-0.00481334
-0.0051046
-0.00535013
-0.00556356
-0.00576471
-0.00594083
-0.00606712
-0.0062132
-0.00630487
-0.0062628
-0.00616458
-0.00603569
-0.00587295
-0.00570141
-0.00554517
-0.00538394
-0.00526815
-0.00518266
-0.00503404
-0.00481063
-0.00455479
-0.00428731
-0.00398449
-0.0036872
-0.00337457
-0.00307033
-0.00286143
-0.00265172
-0.00239906
-0.0021573
-0.00191619
-0.00168079
-0.00144699
-0.00116052
-0.00084311
-0.000552383
-0.000291185
-1.97906e-05
0.000261555
0.000477285
0.000634169
0.000774735
0.000898681
0.00104215
0.0012017
0.00133228
0.00146377
0.00161984
0.00172466
0.00174486
0.00173363
0.00170578
0.00164843
0.00159389
0.00152243
0.00144402
0.00144581
0.00143097
0.00135967
0.00132261
0.00128082
0.00122972
0.0011903
0.0011132
0.00101438
0.000954854
0.000905115
0.000845473
0.000819067
0.000844209
0.000927881
0.00105038
0.00117084
0.00128193
0.00141309
0.00154341
0.00165258
0.00176014
0.00187778
0.00203684
0.00224021
0.00244238
0.00264139
0.00285616
0.00306897
0.00327558
0.0034566
0.0036024
0.00374823
0.00387846
0.00397654
0.0040454
0.00410018
0.00415498
0.00420574
0.00426057
0.00428491
0.00430162
0.00432777
0.00430173
0.00423161
0.00413467
0.00400744
0.00386993
0.00373364
