0.314804
0.307563
0.29234
0.272372
0.249304
0.225665
0.198603
0.169922
0.141265
0.115459
0.0941062
0.0751145
0.0584059
0.0421683
0.0276696
0.0168081
0.00798024
0.000538625
-0.00701938
-0.0155026
-0.0236392
-0.0298272
-0.0333254
-0.0343036
-0.0334883
-0.0320024
-0.0298595
-0.0266924
-0.0223203
-0.0173987
-0.0131378
-0.00999292
-0.00845661
-0.00844775
-0.00952398
-0.0119038
-0.0159147
-0.0215393
-0.028405
-0.0354835
-0.0419385
-0.047664
-0.0524728
-0.0573842
-0.0627684
-0.0678643
-0.0725029
-0.0760419
-0.0795193
-0.0836087
-0.0881043
-0.0930006
-0.0967474
-0.100052
-0.103003
-0.105202
-0.10733
-0.107563
-0.106296
-0.104017
-0.100514
-0.0969192
-0.0924053
-0.0870406
-0.0808822
-0.0744898
-0.0686971
-0.0624029
-0.056076
-0.049182
-0.0413997
-0.0337164
-0.0256412
-0.0172753
-0.0083652
0.000935754
0.0099173
0.0183104
0.0257982
0.0329641
0.0398222
0.0461479
0.0516897
0.0555223
0.0575997
0.0584241
0.0581514
0.0567683
0.0541507
0.0501615
0.0453076
0.0401442
0.0351719
0.030516
0.0254874
0.0200832
0.0143004
0.0081618
0.00234589
-0.0031182
-0.00869314
-0.0149685
-0.0219196
-0.0286491
-0.0347726
-0.0398894
-0.0441784
-0.0484446
-0.0524725
-0.0561281
-0.0587431
-0.060052
-0.0611213
-0.062185
-0.0636057
-0.0651452
-0.0659075
-0.0659487
-0.0654197
-0.0648929
-0.0646097
-0.0639463
-0.062349
-0.059419
-0.0554104
-0.0509323
-0.0466833
-0.0427248
-0.0381559
-0.03271
-0.0269305
-0.0215139
-0.0172891
-0.0143173
-0.011751
-0.00919889
-0.00706072
-0.00594513
-0.00641209
-0.00829138
-0.0105387
-0.0127803
-0.0150345
-0.0172066
-0.0197619
-0.0223686
-0.0242536
-0.025077
-0.024697
-0.0235556
-0.0219686
-0.020031
-0.0170391
-0.0124221
-0.00642179
0.00108429
0.0092454
0.0177749
0.027594
0.0388735
0.0520272
0.0668079
0.0821974
0.0980004
0.114202
0.130481
0.146126
0.160229
0.17185
0.179985
0.184559
0.185858
0.18352
0.177959
0.169263
0.157259
0.143394
0.12879
0.114252
0.100352
0.0869521
0.0742109
0.0622283
0.051518
0.0422742
0.0340904
0.0269096
0.0203099
0.0141763
0.00894339
0.00441893
0.000257829
-0.00334736
-0.00634018
-0.0087993
-0.0102341
-0.0106918
-0.0107659
-0.0106768
-0.0105981
-0.0107835
-0.0113843
-0.0121893
-0.0132771
-0.0147527
-0.0164835
-0.0186878
-0.0212067
-0.0237833
-0.0263868
-0.0288392
-0.0311036
-0.0332334
-0.0352601
-0.0370976
-0.0389634
-0.0410725
-0.0434545
-0.0463011
-0.049416
-0.0527385
-0.0561071
-0.0594073
-0.0628028
-0.0658946
-0.0686828
-0.0709883
-0.072602
-0.0736209
-0.073717
-0.0731034
-0.0716491
-0.0694186
-0.0667468
-0.0634591
-0.0598733
-0.0557495
-0.0510764
-0.0460605
-0.0406656
-0.0352469
-0.0297421
-0.0242289
-0.0187367
-0.0133399
-0.00827398
-0.0035458
0.000672014
0.00458569
0.00845146
0.0120638
0.0153402
0.0181027
0.0201194
0.0218017
0.0232495
0.0243691
0.0250908
0.0247753
0.0236776
0.0222827
0.020792
0.019358
0.0176008
0.015496
0.0129107
0.0102833
0.00797065
0.00544243
0.00298673
0.000385564
-0.00235897
-0.00459731
-0.00664524
-0.00850706
-0.0102611
-0.0122787
-0.0142897
-0.0161109
-0.0176271
-0.0189146
-0.0200879
-0.0213428
-0.0230641
-0.0247414
-0.0260705
-0.0271877
-0.027922
-0.0285948
-0.0291965
-0.0293194
-0.0290501
-0.0283386
-0.0274075
-0.0267673
-0.0261983
-0.0253697
-0.02424
-0.0225838
-0.0204819
