0.175706
0.170114
0.161253
0.152776
0.14634
0.144444
0.14425
0.142501
0.136897
0.126022
0.111803
0.0974915
0.085444
0.0778413
0.0713563
0.0648868
0.0549957
0.0408966
0.0267285
0.0125453
0.00131676
-0.00470052
-0.0103134
-0.018187
-0.0275999
-0.0383615
-0.0484484
-0.0565913
-0.0620128
-0.0647671
-0.0669411
-0.0695172
-0.0742006
-0.0802949
-0.0849086
-0.087397
-0.0865318
-0.0835754
-0.0815592
-0.0798629
-0.0792438
-0.0805533
-0.0805493
-0.0779038
-0.0735813
-0.0681016
-0.0627816
-0.0582551
-0.0552585
-0.0532677
-0.0502694
-0.0462237
-0.0405031
-0.0340863
-0.0288516
-0.0248746
-0.0222205
-0.0198936
-0.0162373
-0.0123066
-0.00815522
-0.00303033
0.000527046
0.00220733
0.00268881
0.00331116
0.00483937
0.00707674
0.0101954
0.0130054
0.0140329
0.0135899
0.0120599
0.0102853
0.00994277
0.0105225
0.0120716
0.0130248
0.0123937
0.01124
0.0091628
0.00647544
0.0047197
0.00429781
0.00499521
0.00520209
0.0043338
0.00312855
0.00119509
-0.000456024
-0.00124685
-0.00184145
-0.00194559
-0.00213969
-0.00267429
-0.00337466
-0.00436045
-0.00449163
-0.00410796
-0.004286
-0.0043903
-0.00440042
-0.00457338
-0.00484742
-0.00521079
-0.00464765
-0.00377206
-0.00350412
-0.00344056
-0.004009
-0.00467805
-0.00447675
-0.00396853
-0.00346599
-0.00326619
-0.00343846
-0.00353368
-0.00421836
-0.00485514
-0.00450064
-0.00391287
-0.00352272
-0.0036486
-0.00412883
-0.00460065
-0.00533683
-0.0053651
-0.00451317
-0.00367332
-0.00282715
-0.00278038
-0.00363817
-0.00432393
-0.00458194
-0.00400509
-0.00303903
-0.00225538
-0.00127316
-0.000776731
-0.00125744
-0.00214319
-0.00258196
-0.00200375
-0.00111261
-0.000193539
0.000583338
2.35252e-05
-0.000963693
-0.00170587
-0.00216519
-0.00189402
-0.00119917
-0.00096049
-0.00153964
-0.00289335
-0.00460202
-0.0061473
-0.00742223
-0.00771327
-0.00756148
-0.00742052
-0.00880599
-0.0118269
-0.0147306
-0.0172553
-0.0189724
-0.019464
-0.0196496
-0.0208543
-0.0226224
-0.0254538
-0.0288563
-0.0317247
-0.0334341
-0.0340855
-0.0344437
-0.0348562
-0.0363172
-0.0386217
-0.0411756
-0.0431764
-0.0435223
-0.0421566
-0.0412524
-0.0408176
-0.0406411
-0.0414634
-0.0416213
-0.0405618
-0.0381946
-0.0346608
-0.0306034
-0.0271041
-0.0249135
-0.0232071
-0.020466
-0.0165863
-0.0109894
-0.00398178
0.00251393
0.00869252
0.0132037
0.0165358
0.0209832
0.0264357
0.0331015
0.0409422
0.0482955
0.054338
0.0588819
0.0624455
0.0658446
0.0694168
0.0744817
0.0797216
0.0837092
0.0870387
0.0887978
0.0893698
0.089799
0.0895137
0.0897067
0.0900398
0.0892387
0.0877135
0.0850622
0.0815962
0.0778373
0.0741294
0.0706625
0.0664858
0.0618057
0.0571743
0.0512158
0.0450589
0.039632
0.0340003
0.028728
0.0235037
0.0181017
0.0126766
0.00678461
0.000509959
-0.00522026
-0.010269
-0.0144328
-0.0182265
-0.0217501
-0.0254062
-0.0296809
-0.0333736
-0.0368239
-0.0400054
-0.0419085
-0.0429002
-0.0440887
-0.0448506
-0.0454972
-0.0462864
-0.0467739
-0.0470969
-0.0466604
-0.0456535
-0.0441162
-0.0424619
-0.0409742
-0.0391911
-0.037394
-0.0355877
-0.0331918
-0.0307882
-0.0285255
-0.0256645
-0.0234329
-0.0214498
-0.0188894
-0.0163615
-0.0138478
-0.0114429
-0.00900627
-0.00686474
-0.00526419
-0.00416447
-0.00313169
-0.00188877
-0.00012612
0.00169774
0.00337243
0.00466823
0.00478015
0.004435
0.00385921
0.0032723
0.00358037
0.00474846
0.00568332
0.00605735
0.00575578
0.00458057
0.0028914
