1.33021
1.27852
1.14558
0.965278
0.764043
0.558822
0.361381
0.187871
0.0523755
-0.0384524
-0.0970702
-0.144762
-0.193639
-0.244729
-0.296557
-0.353065
-0.413757
-0.472836
-0.518027
-0.535689
-0.519503
-0.468071
-0.386978
-0.283148
-0.166421
-0.0494331
0.0569545
0.14266
0.202421
0.232231
0.232057
0.209765
0.17538
0.137281
0.0995834
0.0651478
0.0368515
0.0171694
0.00536408
-0.00574709
-0.02414
-0.0530953
-0.0892349
-0.127877
-0.166441
-0.202523
-0.23279
-0.251749
-0.255364
-0.244286
-0.223271
-0.197912
-0.170631
-0.142751
-0.116438
-0.0939548
-0.0764594
-0.0620644
-0.0474783
-0.0298
-0.00815373
0.0165118
0.043196
0.0700794
0.0943209
0.112873
0.123953
0.127048
0.122514
0.11138
0.095725
0.0793092
0.065284
0.0550516
0.0483127
0.0433721
0.0389671
0.0343571
0.0276751
0.0156878
-0.00410421
-0.0314283
-0.0630406
-0.0942325
-0.120926
-0.140054
-0.150874
-0.153837
-0.14973
-0.141045
-0.131339
-0.124341
-0.121748
-0.122964
-0.124987
-0.123979
-0.118679
-0.109498
-0.0969198
-0.0799793
-0.0581325
-0.0338378
-0.011788
0.00381226
0.0131421
0.0194265
0.0251496
0.0291515
0.0292872
0.0260601
0.0217078
0.0197024
0.0201
0.0201707
0.0176707
0.0115757
0.0026355
-0.0101744
-0.0276327
-0.0488804
-0.0714139
-0.0912139
-0.104923
-0.109825
-0.106116
-0.0952037
-0.0795411
-0.0612166
-0.0410885
-0.0213915
-0.00360186
0.00977733
0.0189305
0.0274459
0.0392654
0.0573152
0.0805604
0.108896
0.143302
0.18368
0.226939
0.26658
0.296731
0.313808
0.319042
0.314352
0.299464
0.273616
0.239001
0.20181
0.165181
0.130178
0.0965671
0.0631474
0.031078
0.0011664
-0.0267931
-0.0552929
-0.085789
-0.116064
-0.143822
-0.167019
-0.184345
-0.194621
-0.197595
-0.193304
-0.182376
-0.166688
-0.147597
-0.126854
-0.105752
-0.0861178
-0.068299
-0.0503721
-0.0315511
-0.0116112
0.00831169
0.0269013
0.0439783
0.0583512
0.0682154
0.0707928
0.0639573
0.0493175
0.0296975
0.00763625
-0.0149417
-0.0364165
-0.0544874
-0.0681626
-0.0776751
-0.0835847
-0.0867563
-0.0882349
-0.0896956
-0.0920277
-0.0956357
-0.0993642
-0.100696
-0.0983555
-0.0923322
-0.0810735
-0.0601323
-0.0266609
0.0188899
0.0728002
0.130387
0.188702
0.244683
0.294434
0.329906
0.343066
0.333693
0.30778
0.272345
0.23157
0.188375
0.146382
0.110165
0.0827463
0.0625552
0.0443809
0.023226
-0.00122733
-0.0274914
-0.0552605
-0.0851319
-0.116622
-0.146176
-0.16949
-0.183028
-0.185882
-0.179219
-0.164733
-0.144073
-0.118617
-0.0911932
-0.0649301
-0.0422906
-0.0248022
-0.0124946
-0.00384792
0.00372288
0.0111097
0.0176758
0.0230905
0.028594
0.0357835
0.0442171
0.0513442
0.0533786
0.0490584
0.0404508
0.0299876
0.0173877
0.000848854
-0.0181883
-0.0356212
-0.047121
-0.0520232
-0.0539904
-0.056392
-0.0592974
-0.0602113
-0.0588624
-0.0579884
-0.0601884
-0.0652236
-0.0691284
-0.067408
-0.058378
-0.0438566
-0.0266559
-0.00867206
0.00891582
0.0246834
0.0363538
0.042049
0.0418378
0.0385077
0.0357323
0.0358606
0.0391695
0.0447059
0.0519344
0.0607659
0.0701693
0.0776609
0.0802369
0.0759132
0.0656916
0.0517594
0.0359238
0.0195229
0.00396007
-0.00870707
-0.0176537
-0.023673
-0.0289738
-0.0364784
