0.0150656
-0.00217859
-0.0073505
0.00369534
0.00293296
-0.000392256
-0.0025323
0.00107758
0.00205488
-1.49757e-06
-0.0003907
0.000408415
0.00146322
-1.87503e-05
-0.00127525
0.000821287
0.00225379
0.00118368
-0.00222198
-0.00158826
0.00250845
0.00234517
-0.00232997
-0.00243475
0.00307794
0.00225319
-0.00143515
-0.000746652
0.00089697
0.000347142
-0.00050979
-0.000604859
0.000640387
0.000633685
-0.00125345
0.000207791
0.00141946
-0.000254538
-0.00103864
-0.000750562
0.00140916
0.00156411
-0.00175801
-0.000459923
0.00143029
-0.00048501
-0.000965794
-1.92598e-06
0.000640301
-0.000349153
-0.000739881
0.00128543
0.000680853
-0.00190344
4.00739e-05
0.00161433
-0.000870412
-0.00066785
0.000952962
-0.000476081
-0.00113397
0.000714236
0.000346744
-0.00144607
0.000147668
0.00158828
-0.00142021
-0.000935929
0.00174526
-9.07667e-05
-0.00194301
-0.000215996
0.00114304
-0.000755395
-0.00143184
0.000275888
0.00104547
-0.00089476
-0.00131727
0.00111566
0.000166835
-0.00199908
0.000297515
0.000396829
-0.00048268
2.46968e-05
-0.000902791
-0.00067592
-0.000408212
0.00019721
-0.000198596
-0.000909181
-0.000104987
0.000451454
-0.00041636
-0.000999517
-0.000209779
-0.000112336
0.000277621
-0.00047191
-0.00104206
0.00126227
-0.00040229
-0.00212304
0.000523795
0.00116577
-0.000430603
-0.00182067
0.000625126
0.000814223
-0.000821266
3.16417e-05
-0.000885159
6.31716e-06
0.000474952
-0.000509568
-0.000596174
-0.000114881
0.000789391
2.22428e-05
-0.000904126
-0.000229935
0.00115099
1.29081e-06
-0.00168999
0.000378554
0.00191796
-0.000970961
-0.00230189
0.000677895
0.00173402
-0.000528274
-0.00126312
0.000348447
0.00118055
-0.000148129
-0.00146934
0.000237512
0.00112
-0.000920404
-0.00057719
0.000697122
-0.000110738
-2.04705e-06
-0.000714343
-0.00047753
0.00173687
0.000478255
-0.00166906
-0.000220609
0.00152768
4.01828e-05
-0.00103567
-9.32906e-06
-1.07177e-05
0.000291095
0.000754043
-0.000701055
-0.000263009
0.00109111
-0.000109018
-0.000705945
0.00045772
0.00102428
-0.00108594
-0.000595995
0.00158106
0.000559825
-0.000678407
-0.000705202
0.000911077
0.000761353
-0.000413434
0.000125044
-5.41368e-05
0.000430826
0.000734582
-9.07527e-05
-0.000347844
-9.48953e-05
0.000920516
0.000389987
-0.000642951
0.000796745
0.000579381
-0.000605146
0.000257541
0.000847794
-0.000122709
-0.000492427
0.000202745
0.000833364
0.000740243
-0.000748993
-0.000341363
0.0013885
-2.25818e-05
-0.00063698
0.000590455
0.000187508
0.000267145
0.000324772
-3.15988e-05
0.000285918
6.91153e-05
-0.00029048
0.000127794
0.000563537
0.000113688
-0.00017745
0.000311709
0.000689017
-2.62167e-05
-0.000768553
8.52095e-05
0.000812521
0.00027502
-0.000255158
1.36653e-05
0.000555071
8.27461e-05
-0.000131068
3.45241e-05
7.34031e-05
0.000449735
-7.39312e-05
-0.000242636
0.000338109
0.000349029
-0.000555546
-9.74834e-05
0.000707094
0.000139067
-0.000291618
-0.000219825
0.000666319
0.000291665
-0.00058727
-0.00044827
0.0004421
0.000145447
-0.000424577
0.000345678
4.8209e-05
7.24755e-06
6.59637e-05
-0.000462537
-3.00705e-05
0.000291934
-0.0002533
-0.000193465
0.000293461
0.000195496
-0.000404692
-0.000530213
0.000131009
0.000567515
-0.000166257
-0.000494728
0.000205437
0.000237335
-0.00033089
-0.000751416
0.000187481
0.000328405
-0.000481918
-0.000322906
0.000383426
0.00039888
-0.000624028
-0.000884195
0.000444009
0.000583633
-0.000945292
-0.000457992
0.000736164
6.40275e-05
-0.000770873
-0.000303186
0.000314112
-0.000250241
-0.000455906
1.86237e-05
5.28861e-05
-9.64981e-05
-0.000352929
-0.000431213
2.33203e-06
0.00032546
-0.000510849
-0.000646763
0.00031162
0.000144643
-0.000360953
-0.00063815
-0.000390842
0.000567944
-0.000283716
-0.000957446
0.000442804
