1.10478
0.245566
-0.818102
-0.672628
0.258711
0.861649
0.239778
-0.68529
-0.544319
0.27114
0.632074
0.162893
-0.523473
-0.434831
0.253226
0.519715
0.0772995
-0.471538
-0.323622
0.293327
0.440759
-0.0248774
-0.442939
-0.230899
0.320165
0.402225
-0.096757
-0.430224
-0.145256
0.312552
0.324858
-0.119475
-0.377502
-0.0819194
0.310748
0.235915
-0.166378
-0.301116
-0.0202877
0.289472
0.163806
-0.199643
-0.223554
0.0488849
0.23915
0.0793559
-0.203701
-0.153491
0.10956
0.192192
0.0141239
-0.187226
-0.121151
0.136838
0.156425
-0.0358228
-0.136223
-0.0742378
0.104387
0.124626
-0.0440371
-0.116221
-0.0322194
0.0853612
0.0800085
-0.0356252
-0.0931793
-0.0168554
0.0801599
0.0549342
-0.055069
-0.0811161
0.028411
0.0917673
0.00599011
-0.0888406
-0.04816
0.0651764
0.0823052
-0.0280939
-0.100316
-0.0048112
0.0865798
0.0379067
-0.049413
-0.0820856
0.0140984
0.0982418
0.0168835
-0.0803988
-0.0481143
0.0463594
0.0685428
-0.00650215
-0.0790816
-0.0296185
0.0726113
0.0514886
-0.0431691
-0.0702941
-0.00417537
0.084953
0.0499804
-0.0679153
-0.0891982
0.0169436
0.101407
0.0438917
-0.0807797
-0.0914929
0.0282928
0.0931051
0.0403729
-0.059862
-0.0915174
0.01634
0.0931191
0.0240275
-0.0609354
-0.0571129
0.0314311
0.0842727
-0.0175411
-0.0886494
-0.0110599
0.0742088
0.0621608
-0.0692391
-0.0938587
0.0464056
0.0898266
0.0209304
-0.0789373
-0.0918313
0.0570954
0.112289
-0.00929689
-0.0879547
-0.0503429
0.0499697
0.0913504
-0.010409
-0.0952424
-0.0257348
0.069419
0.0586707
-0.0391635
-0.0785408
0.00626878
0.0817095
0.032806
-0.0725765
-0.0633428
0.0378487
0.0875835
0.0100268
-0.086018
-0.0499585
0.0423427
0.0813358
0.0210802
-0.0863268
-0.0621347
0.0549691
0.0639211
0.00418006
-0.0500397
-0.0571518
0.0487022
0.0620275
-0.0367644
-0.0356715
-0.00600876
0.0293319
0.0416289
-0.0363098
-0.0522418
0.0190499
0.0535336
0.0310011
-0.0493025
-0.0856985
0.0228261
0.100788
0.0430289
-0.0714692
-0.113134
0.0216167
0.116618
0.0480428
-0.0624852
-0.104921
-0.00494772
0.101495
0.0745896
-0.0463437
-0.11751
-0.0249548
0.110292
0.0862366
-0.0532097
-0.113686
-0.0343546
0.101115
0.102349
-0.0423195
-0.12101
-0.0380862
0.0934031
0.0991933
-0.0247547
-0.124692
-0.0500168
0.0988699
0.0949655
-0.0184036
-0.111651
-0.0672655
0.08629
0.120243
-0.0128365
-0.123357
-0.0708191
0.0622624
0.123027
0.0272745
-0.112206
-0.0962785
0.0428591
0.13139
0.0397636
-0.111785
-0.0952902
0.0424868
0.117633
0.0286158
-0.105638
-0.075667
0.0715013
0.0930441
-0.0110301
-0.0904371
-0.0693327
0.0738946
0.114119
-0.0184951
-0.11305
-0.0719267
0.0666592
0.136887
0.0242271
-0.132384
-0.115132
0.0441681
0.164936
0.072911
-0.139175
-0.141984
0.0235088
0.15625
0.104575
-0.115578
-0.162526
0.0177579
0.141733
0.080403
-0.0776388
-0.131287
0.00770516
0.118619
0.0477137
-0.0654224
-0.092412
0.0139734
0.106606
0.0363804
-0.0774473
-0.0882703
0.0355561
0.108959
0.0166106
-0.084596
-0.0714282
0.040366
0.0996532
0.0144482
-0.0865373
-0.0620635
0.0452679
0.0858046
0.00328368
-0.0846716
-0.0455404
0.0541805
0.0773058
-0.0140375
-0.0788695
-0.0216598
0.0503014
0.0636247
