0.0438177
0.0245493
0.0068515
0.0102968
0.0182943
0.0182334
0.00477737
-0.00355179
0.00306067
0.00802143
-0.00156207
-0.0117432
-0.0118179
-0.00529243
-0.00295471
-0.00879064
-0.0142067
-0.0116386
-0.00736454
-0.00704034
-0.0106324
-0.0109151
-0.0046322
-0.00352226
-0.00804505
-0.00844893
-0.00744809
-0.00662492
-0.00617922
-0.00592037
-0.00215289
0.00101217
-0.000170445
-0.00241432
0.000300053
0.00298441
0.002556
0.00208268
0.00200782
0.00337583
0.00443167
0.00434737
0.00298733
0.00455457
0.00737043
0.00660857
0.00477982
0.0048612
0.00575071
0.00535172
0.0045941
0.00262889
0.00368793
0.00587462
0.00362
0.00132149
-1.47987e-06
-0.00116089
-0.00249016
-0.00456203
-0.00488443
-0.00394559
-0.00484522
-0.00578875
-0.00601252
-0.00622246
-0.00329509
-0.00134526
-0.00184556
-0.000690685
-0.000769951
-0.00222702
-0.000907749
0.000963911
-0.000111056
-0.000332921
-0.000175932
0.000954734
0.00459549
0.00106034
-0.0035563
-0.00151452
0.0013995
0.00184642
-0.0017506
-0.00300697
0.00117943
0.00429301
0.00109224
-0.0021943
-0.00164293
0.00224718
0.00465315
7.6822e-05
-0.00297544
-0.00107397
0.00119992
0.00194337
0.000677663
-0.00125353
0.000861262
0.00349603
0.0013318
-0.00112847
-0.00154876
-0.00106583
-0.000443377
-9.22857e-05
-9.03979e-05
0.000409897
-0.000517097
-0.000817828
0.00020144
-0.000710786
-0.00220917
-0.002975
-0.000627689
0.00259674
-0.000114301
-0.00258374
-0.000660882
0.00194216
0.00332254
0.00151438
5.52684e-05
-9.02368e-05
0.00131011
0.000815826
-0.000641342
-0.000350989
0.000558163
0.00178588
0.00137922
-0.000859162
-0.00170002
0.000370176
0.000783977
-0.00103191
-0.000985445
0.000892811
0.000444545
-0.000138234
-0.000533608
-2.5236e-05
0.00129081
0.000659553
-6.44298e-05
5.57117e-05
0.000170053
-0.000252633
-0.000823335
-0.000471322
0.000475801
0.000431561
0.000461537
0.000147194
-2.9603e-05
0.000208802
-4.58034e-05
-0.000404698
-0.000316392
0.00107227
0.00111052
0.00025754
4.76958e-05
4.56907e-05
3.32799e-05
0.000116977
-1.23437e-05
-0.000102275
0.00121366
0.000148828
-0.00120277
-0.000785453
-0.000618446
-0.000224029
-0.000320467
-0.000399774
0.000709709
0.0011927
-0.000711541
-0.00169657
-0.000520043
0.000110997
-3.37884e-05
-0.000552718
-0.00103218
0.000118356
0.000321432
-0.000712754
-0.000100749
0.000516903
0.000160708
-0.000392203
-0.000590813
0.000172486
0.000337584
-0.000337128
1.71568e-05
0.000409382
0.000244544
0.000152452
0.000273219
0.000141287
0.000359533
0.000231105
-0.000388291
-7.04573e-05
-0.000174675
0.000103365
0.000437531
-8.10055e-05
-0.000261931
5.77392e-05
0.000186664
-0.000301977
-0.000438375
-0.000274691
-7.63573e-05
-0.000206129
-0.00032449
-0.000204232
0.000221658
0.00025378
3.49674e-05
-1.63633e-05
-0.000561145
-0.000205929
0.000577147
0.000331456
-0.000101131
-0.00010918
8.81571e-05
0.0005858
0.000412477
-0.000242664
4.69526e-05
0.000608681
0.000295421
-6.01541e-06
5.89741e-05
8.45715e-05
8.58484e-05
0.000142163
0.000272416
0.000267657
0.00020954
-0.000166642
2.09054e-05
0.000215486
-0.00014021
-0.000307852
-2.98833e-05
0.00028625
0.000109344
-0.000427612
-0.000534827
0.00011892
0.000290554
-0.000156843
-0.000476189
-0.000325906
-8.50111e-06
2.7745e-05
-0.000391675
-0.000250561
2.02805e-05
-0.000131808
-0.000132457
-8.14833e-05
2.06428e-05
5.73015e-05
-0.000194817
-2.83057e-05
0.000192458
-4.35952e-05
-0.000136891
7.4273e-06
0.000230754
0.000285478
0.000276235
-0.0001553
-0.000101667
0.00023253
0.000287119
0.000177397
-0.000255219
-0.000119527
0.00035852
0.000430011
7.86614e-05
-0.000198241
1.06366e-05
0.000168094
2.76407e-05
-8.3264e-05
3.34466e-05
2.5589e-05
-0.000182819
-4.30429e-05
