1.1907e-05
5.47711e-06
4.31389e-06
5.08968e-06
4.42378e-06
4.92297e-06
4.21889e-06
4.5104e-06
3.94601e-06
4.28688e-06
3.57628e-06
3.80538e-06
3.58932e-06
3.32203e-06
3.32203e-06
2.81259e-06
2.82098e-06
2.53413e-06
2.81725e-06
2.28919e-06
1.77789e-06
1.8999e-06
1.48267e-06
1.67079e-06
1.22562e-06
1.32807e-06
1.00583e-06
1.94646e-07
1.62981e-07
6.02566e-07
2.62633e-07
-1.80677e-07
6.2678e-07
3.05474e-07
4.3679e-07
4.47035e-08
4.28408e-08
-1.63913e-07
-1.57394e-07
3.08268e-07
-4.65661e-09
1.56462e-07
4.79631e-07
3.11062e-07
5.21541e-07
2.42144e-07
3.96743e-07
7.07805e-07
4.98258e-07
9.44361e-07
7.26432e-07
7.51577e-07
8.64267e-07
1.38488e-06
9.35048e-07
1.25356e-06
1.55717e-06
1.32993e-06
1.36532e-06
1.22096e-06
1.5609e-06
1.53575e-06
1.4212e-06
1.10641e-06
1.34017e-06
1.8822e-06
1.0943e-06
1.72015e-06
1.96695e-06
1.08778e-06
1.11666e-06
1.31037e-06
1.37184e-06
1.22655e-06
1.55997e-06
1.36532e-06
1.08685e-06
1.23587e-06
9.95584e-07
7.8138e-07
8.88482e-07
6.18398e-07
2.51457e-07
2.50526e-07
2.29105e-07
5.85802e-07
9.24803e-07
4.69387e-07
4.23752e-07
3.97675e-07
6.48201e-07
8.28877e-07
1.94646e-07
4.84288e-08
6.51926e-08
-5.12227e-08
1.35042e-07
7.60891e-07
8.93138e-07
-1.02445e-08
-6.61239e-08
4.11645e-07
1.62981e-07
1.35042e-07
9.68575e-08
3.44589e-08
6.94767e-07
5.78351e-07
3.04542e-07
9.99309e-07
9.58331e-07
3.78117e-07
6.70552e-07
7.61822e-07
9.53674e-07
7.6741e-07
8.13976e-07
8.12113e-07
4.8615e-07
8.89413e-07
1.32155e-06
9.52743e-07
8.43778e-07
1.09524e-06
9.26666e-07
8.49366e-07
9.89065e-07
1.39046e-06
6.52857e-07
7.19912e-07
1.05891e-06
8.65199e-07
9.81614e-07
7.03149e-07
5.04777e-07
7.97212e-07
8.45641e-07
1.95578e-08
-2.33762e-07
7.255e-07
2.84985e-07
2.26311e-07
4.76837e-07
-4.19095e-08
2.43075e-07
2.68221e-07
-2.82191e-07
2.04891e-08
-1.58325e-07
-4.56348e-08
-8.10251e-08
-7.62753e-07
-3.43658e-07
-3.57628e-07
-4.03263e-07
-8.11182e-07
-6.91041e-07
-4.34928e-07
-3.5204e-07
-3.44589e-08
-6.6869e-07
-8.11182e-07
-4.72181e-07
-1.91852e-07
-4.61005e-07
4.09782e-08
-1.44355e-07
-4.90807e-07
-6.33299e-08
-1.9744e-07
-1.86265e-08
2.42144e-08
-8.00937e-08
4.56348e-08
4.18164e-07
4.49829e-07
1.55531e-07
5.80214e-07
8.17701e-07
6.36093e-07
3.63216e-07
4.53554e-07
7.1153e-07
1.16415e-06
1.2638e-06
8.028e-07
7.44127e-07
8.5216e-07
1.96323e-06
1.36439e-06
8.46572e-07
1.13435e-06
1.15018e-06
8.76375e-07
8.48435e-07
1.15484e-06
1.28243e-06
1.20979e-06
7.80448e-07
9.48086e-07
9.26666e-07
9.83477e-07
8.028e-07
8.4471e-07
9.37842e-07
4.37722e-07
8.54954e-07
6.56582e-07
1.06171e-07
2.17929e-07
3.26894e-07
2.00234e-07
-2.81259e-07
-4.56348e-08
-5.30854e-08
-2.26311e-07
-5.10365e-07
-1.96509e-07
-3.22238e-07
-1.14366e-06
-4.79631e-07
-4.28408e-07
-7.02217e-07
-8.71718e-07
-7.75792e-07
-7.87899e-07
-1.00117e-06
-8.95932e-07
-1.20699e-06
-9.58331e-07
-8.99658e-07
-1.13714e-06
-1.08592e-06
-9.05246e-07
-9.18284e-07
-9.06177e-07
-1.10548e-06
-6.59376e-07
-7.29226e-07
-5.54137e-07
-1.74157e-07
-1.0673e-06
-7.83242e-07
-2.62633e-07
-1.02818e-06
-7.62753e-07
-5.25266e-07
-1.08965e-06
-5.9139e-07
-1.2666e-07
-5.43892e-07
-6.82659e-07
-6.25849e-07
-5.31785e-07
-7.43195e-07
-7.13393e-07
-2.77534e-07
-6.87316e-07
-7.01286e-07
-3.57628e-07
-5.83939e-07
-4.65661e-07
-8.03731e-07
-3.91155e-07
-3.66941e-07
-1.34762e-06
-9.91859e-07
-1.27032e-06
-1.26101e-06
-9.45292e-07
-1.63075e-06
-1.29268e-06
-1.4035e-06
-1.66986e-06
-9.18284e-07
-1.19861e-06
-1.56928e-06
-1.53016e-06
-1.52551e-06
-1.44634e-06
-1.44448e-06
-1.32248e-06
-1.47056e-06
-1.64285e-06
-1.47242e-06
-1.22376e-06
-1.32434e-06
-1.88407e-06
-1.62423e-06
-1.41095e-06
-1.66241e-06
-1.41375e-06
-1.22562e-06
-1.17626e-06
-1.24425e-06
-1.30665e-06
-1.42399e-06
-9.74163e-07
-6.72415e-07
-1.15857e-06
