2.67509
2.58205
2.36551
2.07732
1.74082
1.40086
1.09233
0.819614
0.576286
0.356756
0.142528
-0.0824606
-0.3217
-0.573908
-0.825401
-1.07289
-1.30772
-1.49802
-1.62044
-1.6607
-1.60948
-1.48276
-1.31745
-1.13647
-0.952859
-0.788458
-0.652551
-0.53033
-0.402514
-0.260424
-0.103439
0.0657534
0.240773
0.407816
0.555392
0.681703
0.77472
0.820456
0.822211
0.788571
0.723751
0.636015
0.542285
0.452083
0.369364
0.295804
0.221007
0.13514
0.0353059
-0.0735391
-0.184788
-0.295848
-0.39689
-0.478276
-0.537395
-0.578429
-0.604044
-0.61285
-0.61034
-0.595797
-0.563979
-0.520198
-0.473709
-0.426494
-0.375356
-0.321297
-0.264672
-0.204598
-0.140851
-0.0721141
-0.00352661
0.0587986
0.11321
0.159993
0.203055
0.247905
0.296457
0.343702
0.385905
0.42082
0.444151
0.456825
0.460512
0.455217
0.442056
0.424354
0.404297
0.377541
0.341774
0.300844
0.259371
0.216971
0.169045
0.116293
0.0597239
-0.00546037
-0.0772595
-0.149304
-0.221094
-0.291687
-0.355797
-0.409546
-0.454706
-0.492841
-0.524222
-0.546737
-0.556814
-0.557562
-0.548806
-0.528576
-0.49952
-0.457748
-0.400211
-0.329743
-0.245969
-0.144866
-0.0311162
0.0852243
0.200964
0.30711
0.393806
0.463382
0.519077
0.561374
0.592165
0.614503
0.629467
0.633756
0.618544
0.57919
0.517942
0.432667
0.322827
0.192405
0.0417237
-0.125911
-0.297574
-0.46133
-0.608388
-0.72808
-0.816728
-0.876774
-0.911882
-0.930252
-0.940473
-0.947642
-0.945094
-0.920898
-0.873028
-0.801795
-0.702559
-0.573896
-0.422871
-0.255356
-0.0768
0.10488
0.285223
0.459551
0.624538
0.776052
0.909742
1.0284
1.13424
1.22677
1.29958
1.34033
1.34269
1.30882
1.24319
1.1447
1.01917
0.878783
0.730221
0.578728
0.423623
0.265911
0.10804
-0.0482803
-0.196303
-0.330956
-0.450407
-0.556562
-0.644653
-0.70858
-0.750266
-0.769619
-0.769613
-0.753128
-0.719809
-0.673462
-0.619775
-0.560213
-0.490577
-0.409422
-0.317752
-0.218577
-0.117542
-0.0203072
0.0662889
0.138737
0.194895
0.235072
0.262671
0.283699
0.303948
0.32223
0.337176
0.34654
0.34759
0.338322
0.312067
0.26589
0.203674
0.131486
0.0557191
-0.0177941
-0.082409
-0.133764
-0.168574
-0.189541
-0.206305
-0.223798
-0.246885
-0.2773
-0.309307
-0.337535
-0.357792
-0.364977
-0.353878
-0.323034
-0.27552
-0.221165
-0.168815
-0.120037
-0.0797351
-0.0520977
-0.0337719
-0.0213536
-0.00841506
0.0154262
0.0540156
0.105759
0.166711
0.228588
0.281811
0.3197
0.336997
0.330762
0.306204
0.274677
0.245446
0.224773
0.21381
0.210239
0.213132
0.216783
0.210985
0.18917
0.150118
0.0935805
0.0235986
-0.0489853
-0.117585
-0.176144
-0.218157
-0.24168
-0.248046
-0.246347
-0.247355
-0.255204
-0.271
-0.296205
-0.325892
-0.350924
-0.365034
-0.359265
-0.328933
-0.277854
-0.21278
-0.138707
-0.0613574
0.0107817
0.0740686
0.126939
0.168126
0.198825
0.225347
0.254199
0.284168
0.316285
0.352251
0.386217
0.40693
0.405561
0.381913
0.335406
0.267373
0.184872
0.0937371
-0.00274955
