0.619203
0.154905
-0.434617
-0.388783
0.0866486
0.447682
0.203221
-0.278105
-0.317311
0.00785302
0.266749
0.191198
-0.13026
-0.235198
-0.029051
0.157995
0.146674
-0.0537329
-0.178855
-0.0335164
0.123688
0.0978405
-0.0368802
-0.12748
-0.0314809
0.0972474
0.0669665
-0.0369133
-0.0824424
-0.0072345
0.0751856
0.0161342
-0.0539434
-0.0245686
0.0286927
0.0417888
-0.0162036
-0.0556743
-0.00286387
0.0522486
0.0308672
-0.0317185
-0.0541284
-0.002075
0.0657483
0.0394506
-0.0478083
-0.0631122
0.00164019
0.0703536
0.0516755
-0.0488214
-0.0825731
-0.00427819
0.0762766
0.0540975
-0.0381451
-0.06671
-0.0185038
0.0401129
0.0544885
-0.00166705
-0.0519355
-0.0294462
0.0232762
0.0375949
0.00692421
-0.0303983
-0.0273978
0.0153377
0.0343606
0.00500662
-0.0361604
-0.0233014
0.0293817
0.0313212
-0.00609359
-0.0226536
-0.0174197
0.00955529
0.0199581
-0.00643565
-0.000776449
0.0147224
-0.012398
-0.0312448
-0.00422182
0.0455849
0.0308693
-0.0351391
-0.0460062
-0.00123852
0.0504321
0.0338336
-0.0342
-0.0385767
0.0107674
0.0325873
0.0101938
-0.0206827
-0.0217393
0.0124624
0.0250664
0.00557049
-0.0161206
-0.0375704
-0.00614561
0.0474461
0.0290265
-0.021438
-0.0551211
-0.0316178
0.0571803
0.0693002
-0.017823
-0.0760389
-0.0504469
0.0568722
0.100576
-0.0144467
-0.0998199
-0.0435024
0.0596431
0.0891581
-0.0105022
-0.0922825
-0.0302812
0.0522385
0.0575501
0.000370348
-0.064759
-0.028562
0.0406251
0.0317898
0.000579981
-0.0342615
-0.0177751
0.0419747
0.0110632
-0.0391566
-0.0079094
0.0273396
0.0312654
-0.0125382
-0.051712
-0.00446885
0.0452259
0.0329164
-0.0223181
-0.0646064
0.00342729
0.0730694
0.011657
-0.0541334
-0.0421179
0.0213462
0.0725095
0.00680194
-0.0722154
-0.0281897
0.0352416
0.0464345
0.0118251
-0.0427947
-0.0380766
0.00862378
0.0443642
0.0349596
-0.0351442
-0.0622199
0.0128659
0.0635672
0.0187328
-0.0485384
-0.0502984
0.0240774
0.0638977
0.0105735
-0.0544788
-0.0430212
0.0258138
0.0493129
0.0111162
-0.026535
-0.0309037
-0.00253338
0.0228944
0.0209859
0.00690461
-0.0154741
-0.027869
-0.00297695
0.0237413
0.0181551
-0.00150888
-0.0207336
-0.01919
0.0143143
0.0244689
-0.00441503
-0.0189907
-0.00632259
0.00976072
0.0122355
-0.00267502
-0.0144314
-0.00914092
0.00346415
0.0174355
0.0104237
-0.0183217
-0.0234166
0.00331194
0.0271807
0.017873
-0.0216019
-0.0313832
0.00697113
0.028441
0.0123479
-0.015176
-0.0249032
-0.00590602
0.0217976
0.0292139
-0.00247898
-0.0412851
-0.024254
0.0295912
0.0428994
0.0131212
-0.0417071
-0.0535606
0.0220367
0.0646139
0.018058
-0.0405742
-0.0492677
0.000512321
0.0491415
0.0319284
-0.0112214
-0.0415075
-0.0337176
0.0226857
0.0547987
0.0237079
-0.0445803
-0.069532
0.00695821
0.0863001
0.0455211
-0.0625145
-0.0914566
0.00554116
0.102165
0.0531045
-0.0672888
-0.0889313
0.00631875
0.0933973
0.0459849
-0.0653135
-0.0694978
0.007692
0.0649323
0.0459105
-0.0453326
-0.0641585
0.00858212
0.0507369
0.0343228
-0.0266586
-0.0551978
0.00262051
0.0465046
0.0227363
-0.017845
-0.0374722
-0.00616552
0.0310922
0.0125127
-0.00801458
-0.0110769
-0.00600128
0.0144565
0.000279693
-0.0151499
0.0109198
0.0111957
-0.000501709
-0.00808919
-0.0210613
0.00571032
0.0251703
0.00788497
-0.0109133
-0.0258343
-0.0104475
0.0251066
