1.58351
1.52848
1.41843
1.29677
1.16923
1.06078
0.968398
0.875497
0.77404
0.64965
0.493276
0.319899
0.142962
-0.0341354
-0.190938
-0.331202
-0.474034
-0.604735
-0.712291
-0.790676
-0.826367
-0.835386
-0.847949
-0.867674
-0.888046
-0.907753
-0.918674
-0.902001
-0.843498
-0.743951
-0.623021
-0.510278
-0.415514
-0.337263
-0.274585
-0.207716
-0.123519
-0.0318595
0.0613791
0.153524
0.233291
0.2968
0.348214
0.389295
0.423112
0.450886
0.46591
0.461561
0.439775
0.40732
0.374941
0.349379
0.323389
0.290692
0.249895
0.194243
0.121724
0.0445831
-0.0251842
-0.0850385
-0.128872
-0.161907
-0.19675
-0.234242
-0.277317
-0.323146
-0.359058
-0.381544
-0.387991
-0.377139
-0.363352
-0.353753
-0.339184
-0.322907
-0.306082
-0.277163
-0.237969
-0.194338
-0.148098
-0.104969
-0.0640296
-0.0197455
0.0245196
0.0705177
0.122798
0.170593
0.206199
0.232481
0.252647
0.273124
0.296971
0.320258
0.338655
0.351717
0.353391
0.337777
0.311212
0.281382
0.25453
0.233841
0.21249
0.185004
0.150821
0.106156
0.0534218
0.00357641
-0.0421259
-0.0857866
-0.12521
-0.161636
-0.196088
-0.229206
-0.26188
-0.290222
-0.30756
-0.316526
-0.32534
-0.335137
-0.343131
-0.344259
-0.334168
-0.311108
-0.27396
-0.229866
-0.187209
-0.148868
-0.11695
-0.0889212
-0.0581405
-0.0185748
0.0333371
0.0934806
0.152452
0.202234
0.238406
0.262908
0.279796
0.292745
0.304739
0.313602
0.316292
0.310962
0.295205
0.271914
0.246778
0.217881
0.182288
0.139136
0.0821518
0.0097924
-0.0700155
-0.147716
-0.216
-0.269242
-0.307911
-0.342514
-0.384715
-0.440508
-0.503087
-0.558672
-0.601888
-0.623995
-0.619347
-0.596031
-0.564862
-0.53102
-0.492897
-0.451176
-0.398413
-0.326218
-0.242607
-0.154402
-0.0670272
0.0150939
0.0999246
0.195824
0.303659
0.417443
0.526252
0.619546
0.693704
0.742834
0.762995
0.777214
0.803142
0.830557
0.853551
0.864993
0.848338
0.799628
0.730332
0.65527
0.583207
0.513041
0.439956
0.36372
0.281318
0.185676
0.0839842
-0.0106153
-0.0931819
-0.162676
-0.224742
-0.288923
-0.356352
-0.418909
-0.472364
-0.513537
-0.535267
-0.53977
-0.536021
-0.529513
-0.52308
-0.514626
-0.497706
-0.469408
-0.426898
-0.369753
-0.312023
-0.2635
-0.218526
-0.174537
-0.130491
-0.0806084
-0.0235191
0.0367097
0.0942027
0.1403
0.170358
0.189398
0.202533
0.215403
0.232845
0.248845
0.258601
0.262735
0.25788
0.2423
0.220549
0.196523
0.171364
0.14602
0.119572
0.0884939
0.0532612
0.0183985
-0.012469
-0.0365232
-0.0580888
-0.0820691
-0.106663
-0.133948
-0.163052
-0.186615
-0.203385
-0.21212
-0.208138
-0.194711
-0.183413
-0.17885
-0.177813
-0.176468
-0.169252
-0.155364
-0.134919
-0.105959
-0.0742858
-0.0449286
-0.016191
0.00937535
0.0298677
0.0496891
0.0712328
0.092513
0.111395
0.127302
0.141076
0.156012
0.17323
0.187136
0.195035
0.19687
0.191747
0.180834
0.164903
0.146721
0.132125
0.122139
0.111699
0.0991013
0.0824378
0.0571687
0.0271071
-0.00341831
-0.0331843
-0.0591549
-0.0815513
-0.100902
-0.116671
-0.130202
