0.0633777
0.0408982
0.0368672
0.0467704
0.0325068
0.0291108
0.0321742
0.0294527
0.0247126
0.0276934
0.0276439
0.0220512
0.0208957
0.0168699
0.0165637
0.0155938
0.00924864
0.00704576
0.00322003
-0.00242582
-0.00611484
-0.00609584
-0.00969961
-0.0125975
-0.00527298
-0.00586159
-0.0109454
-0.00780797
-0.0104679
-0.0168072
-0.0154021
-0.0155933
-0.020858
-0.0194303
-0.0149376
-0.0176135
-0.0168999
-0.014778
-0.0158194
-0.0135536
-0.0110462
-0.0112185
-0.0116099
-0.00901837
-0.0107462
-0.012168
-0.0110205
-0.0137807
-0.0120353
-0.00904753
-0.00737895
-0.00500312
-0.00434
-0.0031856
-0.00317496
-0.00307279
-0.00493838
-0.00609798
-0.00374254
-0.00532072
-0.00432446
-0.00336615
-0.00480589
-0.00388945
-0.00258124
-0.00110182
-0.0021368
0.000297857
0.00235829
-7.87647e-05
0.0011124
0.000529026
-0.00260579
-0.00194764
-0.000144792
0.000212474
0.000264322
0.00326735
0.0046361
0.00422243
0.00492663
0.00409316
0.0041909
0.003403
0.00339696
0.00419211
0.00199862
0.00160164
0.0019527
0.00214926
0.00145752
0.00131771
0.0045109
0.00235205
0.00263134
0.00348016
-0.00069855
-0.00247365
-0.0043714
-0.00486603
-0.00798741
-0.00822829
-0.00624335
-0.00911704
-0.00772514
-0.0077666
-0.00952191
-0.00937826
-0.0106116
-0.0111016
-0.0115573
-0.0128661
-0.0148161
-0.0141863
-0.0154578
-0.01707
-0.0136009
-0.0142124
-0.0148774
-0.0111277
-0.0112899
-0.012822
-0.0114397
-0.0114382
-0.0138539
-0.0121282
-0.0103295
-0.0117321
-0.00895299
-0.00716377
-0.00688022
-0.00393348
-0.00296937
-0.00180562
0.000591634
0.00153614
0.00239435
0.00475752
0.00476623
0.00356901
0.00719214
0.00787685
0.00754101
0.0111287
0.0115899
0.0128842
0.0148987
0.0151952
0.0152713
0.0147665
0.0155939
0.015499
0.0157918
0.0147757
0.0139217
0.0145624
0.0128778
0.0132714
0.0120451
0.0119525
0.0122749
0.0104413
0.0125241
0.00937067
0.00737481
0.00983556
0.00690623
0.00561722
0.00633727
0.00519251
0.00327162
0.00422724
0.0042271
0.00097177
0.00156319
0.00226777
0.0010475
0.000929017
0.000396629
-0.000119487
-0.000724695
-0.000988139
-0.0011557
-0.0022131
-0.00156755
-0.00172977
-0.000862915
-0.000103803
-0.00188618
-0.000960942
-0.00079175
-0.000816889
-0.000846713
-0.00134947
-0.00058278
-0.00121328
-0.000313584
-0.00087092
-0.00179516
-0.000379562
-0.000795209
-0.000539913
-0.00010755
4.19142e-05
-0.000774534
-0.000424143
0.000253862
-0.00140895
-0.00120634
-0.000706538
-0.000776562
-0.00101854
-0.000385222
-0.000286714
-0.00154618
5.77429e-05
-4.21349e-05
-0.00157071
-0.000375316
-0.000472971
-0.000520542
-0.000384888
-0.000719085
-0.000798484
-0.00127559
7.63992e-05
-0.000433443
-0.000527728
0.000135622
-0.000451181
0.000744391
0.000247141
-0.000425137
-0.000342373
-0.000399776
-1.84122e-06
-0.000883352
-0.000109748
-0.000194581
-0.00108706
0.00035088
-0.000449959
-0.000817151
-0.00139243
-0.00101204
-0.000534271
-0.00207684
-0.00126021
-0.00246952
-0.00238167
-0.00221675
-0.00350973
-0.00236545
-0.00334104
-0.0031929
-0.00224205
-0.00309773
-0.00375097
-0.00412665
-0.00308326
-0.00473835
-0.00480408
-0.00323491
-0.00522027
-0.00426765
-0.0031739
-0.00444775
-0.00468633
-0.00360563
-0.00338288
-0.00410909
-0.00302967
-0.00307473
-0.0040045
-0.0026632
-0.00300193
-0.00359472
-0.00212518
-0.0025934
-0.00202104
-0.000373893
-0.001079
-0.00126764
3.22592e-05
-0.000174751
-0.000855923
0.000138037
-0.000204683
-0.00028961
0.000868083
0.000619389
0.000845024
0.00119088
0.000939809
0.00140617
0.00201751
0.00137589
0.00112143
0.00236008
0.00194301
