1.02501e-05
4.27198e-06
3.60236e-06
4.81121e-06
3.23355e-06
4.25056e-06
3.92366e-06
3.74671e-06
3.90317e-06
3.00817e-06
3.82401e-06
3.77279e-06
3.04822e-06
3.38908e-06
2.80235e-06
3.43472e-06
3.75789e-06
2.63192e-06
2.88524e-06
2.83774e-06
2.31434e-06
2.7651e-06
2.24914e-06
2.4084e-06
2.48197e-06
2.10293e-06
2.34041e-06
1.8198e-06
1.71829e-06
1.85054e-06
1.44448e-06
2.17743e-06
1.55065e-06
1.40164e-06
1.80677e-06
9.87202e-07
8.18633e-07
1.46031e-06
1.25356e-06
1.03656e-06
9.73232e-07
1.04774e-06
9.97446e-07
1.10082e-06
9.73232e-07
7.94418e-07
1.017e-06
7.29226e-07
8.99658e-07
9.94653e-07
7.45989e-07
6.17467e-07
7.10599e-07
9.82545e-07
7.16187e-07
4.28408e-08
3.70666e-07
5.96046e-07
2.77534e-07
4.67524e-07
1.53668e-07
3.90224e-07
4.44241e-07
-1.28523e-07
4.88944e-07
3.20375e-07
-1.39698e-08
7.35745e-08
1.03377e-07
5.21541e-07
-1.83471e-07
-2.6077e-07
-5.68107e-08
-3.19444e-07
-1.80677e-07
1.94646e-07
2.98023e-08
-2.26311e-07
-3.37139e-07
-1.22935e-07
-1.73226e-07
1.23866e-07
1.04308e-07
-3.40864e-07
-5.93252e-07
-3.0268e-07
-3.79048e-07
-8.9407e-07
-8.19564e-07
-1.09151e-06
-7.97212e-07
-5.80214e-07
-6.16536e-07
-5.34579e-07
-9.16421e-07
-1.08592e-06
-9.37842e-07
-1.41002e-06
-7.95349e-07
-1.01421e-06
-1.52178e-06
-1.20886e-06
-9.22009e-07
-1.25915e-06
-1.41282e-06
-1.50222e-06
-1.29826e-06
-1.2964e-06
-1.35694e-06
-1.0822e-06
-1.26846e-06
-1.73878e-06
-1.43237e-06
-1.33459e-06
-1.56648e-06
-1.43703e-06
-1.93156e-06
-1.64192e-06
-1.24983e-06
-1.55158e-06
-1.27964e-06
-1.64937e-06
-1.61212e-06
-1.28429e-06
-1.64844e-06
-1.36159e-06
-2.14856e-06
-1.8822e-06
-9.18284e-07
-1.62795e-06
-1.21817e-06
-1.03842e-06
-1.71177e-06
-9.02452e-07
-7.51577e-07
-1.04029e-06
-1.2638e-06
-1.95019e-06
-1.46683e-06
-8.26083e-07
-1.39698e-06
-1.17905e-06
-1.35787e-06
-1.12411e-06
-1.04401e-06
-1.52458e-06
-1.04774e-06
-7.87899e-07
-1.36811e-06
-9.03383e-07
-9.72301e-07
-9.94653e-07
-1.14832e-06
-1.24052e-06
-8.34465e-07
-6.0536e-07
-8.78237e-07
-8.47504e-07
-6.00703e-07
-5.54137e-07
-9.26666e-07
-5.71832e-07
8.28877e-08
-8.42847e-07
-8.01869e-07
-4.20958e-07
-8.35396e-07
-5.99772e-07
-4.46104e-07
-8.19564e-07
-5.4203e-07
-6.36093e-07
-3.92087e-07
-5.73695e-07
-6.23986e-07
-4.54485e-07
-5.95115e-07
-4.06988e-07
-5.54137e-07
-6.48201e-07
-4.28408e-07
-4.27477e-07
-5.19678e-07
-6.50063e-07
-2.93367e-07
-4.87082e-07
-7.10599e-07
-3.99537e-07
-6.78003e-07
-9.30391e-07
-7.93487e-07
-9.0804e-07
-4.35859e-07
-6.87316e-07
-9.13627e-07
-7.63685e-07
-9.25735e-07
-9.20147e-07
-1.6056e-06
-8.10251e-07
-4.71249e-07
-7.43195e-07
-9.75095e-07
-9.65782e-07
-7.52509e-07
-1.0645e-06
-1.01328e-06
-1.00862e-06
-9.94653e-07
-1.04494e-06
-9.06177e-07
-7.48783e-07
-9.72301e-07
-8.20495e-07
-7.49715e-07
-6.33299e-07
-4.20958e-07
-1.06078e-06
-9.85339e-07
-7.92556e-07
-1.06264e-06
-1.07568e-06
-8.81031e-07
-5.26197e-07
-6.56582e-07
-7.17118e-07
-1.59256e-07
-4.77768e-07
-7.96281e-07
-6.23986e-07
-4.60073e-07
-3.31551e-07
-5.65313e-07
-2.8871e-07
-3.31551e-07
-4.44241e-07
-2.18861e-07
2.13273e-07
-1.6205e-07
-2.48663e-07
-6.51926e-08
1.93715e-07
-9.31323e-10
3.18512e-07
6.33299e-08
-2.02097e-07
-1.78814e-07
1.67638e-07
5.34579e-07
3.92087e-07
5.40167e-08
2.468e-07
2.05822e-07
7.5344e-07
8.51229e-07
6.14673e-08
4.48897e-07
5.64381e-07
2.34693e-07
6.72415e-07
6.86385e-07
4.65661e-07
5.76489e-07
4.98258e-07
6.99423e-07
2.61702e-07
8.6613e-08
4.21889e-07
5.64381e-07
2.44007e-07
3.93018e-07
-3.36207e-07
1.2666e-07
-5.4948e-08
-2.6077e-08
4.02331e-07
-3.85568e-07
1.546e-07
2.95229e-07
-1.74157e-07
4.19095e-07
9.22009e-08
2.85916e-07
4.42378e-07
4.37722e-08
4.88944e-07
2.58908e-07
1.05239e-07
3.40864e-07
1.17347e-07
2.32831e-07
-4.65661e-09
2.85916e-07
5.79283e-07
3.91155e-07
5.54137e-07
4.2934e-07
3.0268e-07
4.18164e-07
4.02331e-07
