0.519654
0.483956
0.434226
0.410521
0.390902
0.369167
0.348128
0.32211
0.293205
0.259485
0.21134
0.156804
0.113975
0.090272
0.0776679
0.0602899
0.0300434
-0.00696539
-0.0406229
-0.0638444
-0.078553
-0.0943492
-0.10642
-0.107422
-0.107346
-0.116645
-0.130392
-0.139506
-0.140183
-0.12777
-0.109472
-0.10236
-0.104191
-0.0984242
-0.0866012
-0.0795106
-0.0745236
-0.0653118
-0.0466258
-0.0234461
-0.0114717
-0.0141267
-0.0183015
-0.0144068
-0.00419688
0.00570565
0.00794627
0.0048856
0.00344638
0.000709354
-0.00979002
-0.025543
-0.0373054
-0.0387593
-0.0365625
-0.0438305
-0.0625058
-0.0835962
-0.0978573
-0.106509
-0.114955
-0.124155
-0.132233
-0.135018
-0.136602
-0.1459
-0.159414
-0.16592
-0.161616
-0.151562
-0.144528
-0.143002
-0.140349
-0.133198
-0.124233
-0.116011
-0.106082
-0.0927389
-0.0781826
-0.0640157
-0.0527724
-0.0474593
-0.0440567
-0.0330468
-0.0176525
-0.00941447
-0.0069762
-0.00420441
-0.00304201
-0.00344747
-0.00278018
-0.00656711
-0.0148019
-0.0203408
-0.0234895
-0.0323444
-0.0493782
-0.0645999
-0.0727065
-0.0793185
-0.0885269
-0.1018
-0.118558
-0.130815
-0.136616
-0.14408
-0.152509
-0.155541
-0.155747
-0.157259
-0.157456
-0.155709
-0.154023
-0.148204
-0.130671
-0.109032
-0.0953349
-0.0814206
-0.0594465
-0.0352774
-0.0122276
0.0106173
0.0366335
0.0697829
0.103531
0.131205
0.155022
0.177136
0.200571
0.226082
0.248951
0.268899
0.288771
0.304514
0.315833
0.326398
0.330963
0.330435
0.331844
0.331395
0.322899
0.306448
0.285548
0.264657
0.244304
0.222368
0.200235
0.177813
0.154936
0.132162
0.108015
0.0830491
0.0618133
0.0485034
0.0383383
0.0249753
0.00868151
-0.0078957
-0.0221229
-0.0339982
-0.04442
-0.0524567
-0.055649
-0.0558151
-0.057538
-0.0620793
-0.0674177
-0.0697331
-0.0673722
-0.061053
-0.0535929
-0.0480063
-0.0445941
-0.0413005
-0.0393682
-0.0376203
-0.0319921
-0.024251
-0.0166729
-0.0112354
-0.00949863
-0.0105926
-0.0133829
-0.0154304
-0.0139155
-0.0122906
-0.014828
-0.0181514
-0.0214146
-0.0279011
-0.0374735
-0.0462193
-0.0511644
-0.0531293
-0.0569663
-0.0654339
-0.0744104
-0.0815325
-0.0886144
-0.0956652
-0.100165
-0.0999516
-0.0970331
-0.0968041
-0.0998655
-0.102656
-0.104094
-0.102863
-0.0978666
-0.0905146
-0.082434
-0.0761436
-0.0718761
-0.0673811
-0.0622357
-0.0557262
-0.0461607
-0.0346202
-0.0245708
-0.0175784
-0.0143516
-0.0147017
-0.0148969
-0.0114154
-0.00679681
-0.00400248
-0.00173207
-0.0015482
-0.00628521
-0.0139664
-0.0217175
-0.0284741
-0.0326206
-0.0346193
-0.0380225
-0.0461828
-0.0594709
-0.0729623
-0.0828984
-0.0900114
-0.0939244
-0.0948201
-0.0964725
-0.100477
-0.106374
-0.115355
-0.122418
-0.120244
-0.111797
-0.103138
-0.0960866
-0.0912778
-0.0878616
-0.0824447
-0.073821
-0.0617617
-0.0453138
-0.0251895
-0.00532677
0.00888857
0.0200231
0.0337818
0.0503097
0.0700865
0.0921422
0.11133
0.127099
0.140747
0.151308
0.160032
0.169741
0.180217
0.189713
0.198957
0.205541
0.205259
0.200832
0.196987
0.193973
0.18936
0.181113
0.170169
0.160649
0.152168
0.138287
0.11834
0.0989999
0.0856901
0.0774771
0.0687793
0.0575789
0.0475424
0.0411788
0.0345172
0.0229309
0.0106463
0.00568089
0.00715258
0.00636912
-0.000242299
