0.264151
0.22941
0.188652
0.189164
0.205978
0.203306
0.173616
0.1532
0.161456
0.172799
0.153427
0.114187
0.091269
0.0962739
0.103134
0.0816201
0.0471605
0.0305844
0.0296185
0.0203764
-0.0091596
-0.0333294
-0.0307598
-0.0197322
-0.0229152
-0.0468553
-0.0698387
-0.0703119
-0.0629607
-0.0716889
-0.0896553
-0.0924724
-0.0789904
-0.0698592
-0.0799725
-0.0965781
-0.0944515
-0.0756604
-0.061928
-0.0670905
-0.0752415
-0.0655513
-0.0491645
-0.0489959
-0.0635634
-0.0624911
-0.0395177
-0.0217563
-0.0238239
-0.0303523
-0.0242157
-0.0132815
-0.0111874
-0.0165783
-0.0169706
-0.00715488
0.00339625
0.00248808
-0.00556164
-0.00796558
-0.00286998
0.0019404
0.000867682
-0.00215047
-0.000367598
0.00466299
0.00178656
-0.00803402
-0.0148571
-0.0150559
-0.0086715
-0.0063452
-0.0109947
-0.0143969
-0.012882
-0.0110355
-0.0163994
-0.0233548
-0.0237191
-0.019197
-0.0163751
-0.02022
-0.0275203
-0.0293553
-0.0242994
-0.023112
-0.0278757
-0.0263439
-0.0172224
-0.0123411
-0.0168323
-0.024936
-0.022871
-0.0141498
-0.0128525
-0.0166865
-0.0140531
-0.00278265
0.00250652
-0.000490379
-0.00153484
0.0041639
0.0132349
0.0178648
0.0175031
0.0186509
0.0236771
0.0274207
0.0267529
0.0255799
0.0307457
0.0402817
0.0452832
0.043822
0.0429556
0.046009
0.0490122
0.0468091
0.0414704
0.0421672
0.0460079
0.0460075
0.0407507
0.0319966
0.0298941
0.0334402
0.0310487
0.023356
0.0161818
0.0137635
0.0120483
0.00328086
-0.0129595
-0.0234547
-0.0241098
-0.024417
-0.0307622
-0.0442275
-0.0497821
-0.0472309
-0.0518308
-0.0640626
-0.0751602
-0.0756846
-0.0722866
-0.0771786
-0.0858522
-0.089702
-0.0872736
-0.084633
-0.0859791
-0.0878026
-0.0854529
-0.0782155
-0.0745268
-0.0756998
-0.0770754
-0.0741944
-0.0662463
-0.0614988
-0.0575478
-0.0522526
-0.0445928
-0.0347466
-0.0293184
-0.0257608
-0.0204234
-0.0101352
0.000527143
0.00501386
0.00834614
0.0145521
0.0246484
0.0312291
0.0342797
0.0397695
0.0474474
0.0569862
0.0617878
0.0616551
0.0632712
0.0688427
0.0738812
0.0738345
0.0733237
0.0758471
0.0794628
0.0798771
0.0759073
0.0736155
0.0756438
0.0759743
0.0723637
0.0677415
0.0643978
0.0623378
0.0593298
0.0547174
0.0499713
0.047736
0.0466468
0.0437896
0.0384481
0.0329719
0.0303268
0.0281428
0.0244718
0.0194405
0.0154317
0.01457
0.0138215
0.0108761
0.00625904
0.00394524
0.005618
0.00586571
0.00169152
-0.00300608
-0.00315382
-0.000483241
-0.00150696
-0.00595426
-0.00814018
-0.00550082
-0.0027516
-0.0049815
-0.00834738
-0.00844952
-0.00516303
-0.00417949
-0.00795921
-0.0106697
-0.00966364
-0.00747774
-0.0088941
-0.0110692
-0.0110241
-0.00948947
-0.00798793
-0.00988649
-0.0127902
-0.0135462
-0.0119455
-0.011159
-0.0128312
-0.0147635
-0.015361
-0.0138024
-0.0133651
-0.0154934
-0.016512
-0.0154838
-0.0132709
-0.0133415
-0.0155233
-0.0157423
-0.0149603
-0.014174
-0.0142739
-0.0154055
-0.0148528
-0.0127077
-0.0129678
-0.0148855
-0.0152353
-0.0136666
-0.0123735
-0.0132414
-0.0140294
-0.0124319
-0.0109268
-0.01167
-0.0129475
-0.0136567
-0.0120415
-0.0100519
-0.010974
-0.0113965
-0.0107944
-0.0103328
-0.0102338
-0.0117444
-0.0120996
-0.00999616
-0.00844618
-0.00816718
-0.00823475
-0.00813859
-0.00798197
-0.00703711
-0.00618586
-0.00512183
-0.00315135
-0.00152775
0.000820786
0.00203196
0.00163808
0.00287288
0.00465203
0.00713551
