9.82545e-06
3.90131e-06
3.39001e-06
3.83705e-06
2.58069e-06
3.47849e-06
3.06126e-06
3.31923e-06
3.22051e-06
3.02587e-06
2.91783e-06
2.91411e-06
2.75392e-06
2.75951e-06
2.39816e-06
2.45962e-06
3.1516e-06
2.10106e-06
2.18488e-06
2.21096e-06
1.67824e-06
2.22586e-06
1.75368e-06
2.07126e-06
1.70246e-06
1.9623e-06
1.94274e-06
1.18092e-06
1.1744e-06
1.51992e-06
1.3411e-06
1.53668e-06
2.06009e-06
1.38208e-06
1.64565e-06
1.24797e-06
1.21351e-06
1.68663e-06
1.39978e-06
1.75182e-06
1.34669e-06
1.57859e-06
1.67917e-06
1.41747e-06
2.03401e-06
1.5581e-06
1.75647e-06
1.74623e-06
1.48825e-06
1.86078e-06
1.66334e-06
1.56928e-06
1.49477e-06
2.21748e-06
1.52085e-06
1.23959e-06
1.89152e-06
1.69314e-06
1.53109e-06
1.44914e-06
1.3914e-06
1.19861e-06
1.44914e-06
1.10362e-06
1.18371e-06
1.4985e-06
1.05985e-06
1.40909e-06
1.06357e-06
1.08685e-06
1.07568e-06
5.90459e-07
8.01869e-07
6.57514e-07
1.11014e-06
1.16695e-06
8.12113e-07
1.00676e-06
1.10455e-06
1.08406e-06
6.63102e-07
6.75209e-07
6.30505e-07
6.21192e-07
6.71484e-07
9.87202e-07
7.76723e-07
2.89641e-07
8.3074e-07
2.84053e-07
7.14324e-07
9.62988e-07
2.35625e-07
7.69272e-07
2.04891e-07
-5.58794e-08
3.46452e-07
6.23986e-07
6.37956e-07
2.42144e-07
3.63216e-07
2.2538e-07
6.70552e-08
3.07336e-08
6.51926e-08
-6.61239e-07
1.6205e-07
-1.86265e-09
-3.68804e-07
3.82774e-07
-1.67638e-07
-2.38419e-07
-1.24797e-07
-1.87196e-07
-2.98023e-08
-4.787e-07
-7.54371e-08
-2.31899e-07
-2.80328e-07
-5.46686e-07
-3.89293e-07
-2.26311e-07
-1.46218e-07
3.63216e-07
-2.8871e-08
4.65661e-08
-2.92435e-07
6.42613e-08
-9.31323e-08
-1.28523e-07
1.86265e-09
1.06171e-07
3.29688e-07
-5.4948e-08
2.22586e-07
3.78117e-07
3.55765e-07
-4.28408e-08
-1.22003e-07
4.54485e-07
2.72878e-07
5.09433e-07
1.21072e-07
2.90573e-07
1.05239e-07
-1.2666e-07
3.36207e-07
4.1537e-07
1.3411e-07
5.40167e-08
-7.07805e-08
-4.45172e-07
-2.07685e-07
-1.42492e-07
-3.75323e-07
-7.72998e-08
-1.98372e-07
-1.1269e-07
-7.54371e-08
-2.00234e-07
-5.02914e-07
-6.70552e-07
-1.61119e-07
-4.61936e-07
-7.5344e-07
-2.85916e-07
-6.17467e-07
-8.61473e-07
-5.6345e-07
-4.48897e-07
-4.62867e-07
-4.30271e-07
-3.62284e-07
-5.48549e-07
-5.69038e-07
-7.15256e-07
-5.12227e-07
-5.9139e-07
-4.41447e-07
-9.58331e-07
-5.83008e-07
-2.2538e-07
-1.28336e-06
-8.18633e-07
-9.34117e-07
-1.08778e-06
-6.27711e-07
-7.71135e-07
-2.68221e-07
-5.30854e-07
-9.10833e-07
-6.2678e-07
-1.06543e-06
-1.05239e-06
-8.69855e-07
-1.31782e-06
-9.58331e-07
-6.72415e-07
-1.38022e-06
-9.93721e-07
-1.00397e-06
-1.04308e-06
-7.54371e-07
-1.32527e-06
-1.10548e-06
-1.10455e-06
-8.18633e-07
-1.31223e-06
-1.45379e-06
-8.96864e-07
-1.33179e-06
-1.29454e-06
-9.82545e-07
-6.89179e-07
-9.41567e-07
-7.48783e-07
-1.13528e-06
-1.50129e-06
-1.15298e-06
-1.51899e-06
-1.03656e-06
-1.14273e-06
-1.05333e-06
-1.16788e-06
-1.28523e-06
-1.1893e-06
-1.32713e-06
-1.06543e-06
-1.72574e-06
-1.04494e-06
-1.24052e-06
-1.43051e-06
-1.12318e-06
-1.26008e-06
-1.38581e-06
-1.39512e-06
-1.55251e-06
-1.3588e-06
-1.15577e-06
-1.54972e-06
-1.44355e-06
-1.51712e-06
-1.69594e-06
-1.28523e-06
-1.69687e-06
-1.32993e-06
-1.234e-06
-1.2042e-06
-1.31689e-06
-1.73133e-06
-1.40909e-06
-1.78255e-06
-1.72295e-06
-1.43331e-06
-1.5758e-06
-1.16974e-06
-1.36625e-06
-1.38953e-06
-1.44448e-06
-1.10921e-06
-1.7453e-06
-1.61771e-06
-1.2191e-06
-1.52271e-06
-1.48173e-06
-1.67824e-06
-1.56648e-06
-1.60839e-06
-1.55624e-06
-1.67731e-06
-1.86916e-06
-1.06636e-06
-1.34949e-06
-1.8077e-06
-1.43796e-06
-1.52644e-06
-1.62516e-06
-1.56928e-06
-1.55438e-06
-1.19116e-06
-1.20513e-06
-1.46125e-06
-1.23214e-06
-1.54693e-06
-1.30851e-06
-1.25449e-06
-1.50409e-06
-9.97446e-07
-1.40723e-06
-1.55903e-06
-1.1269e-06
-1.21817e-06
-1.29081e-06
-1.02166e-06
-1.03377e-06
-1.2191e-06
-1.09617e-06
-7.59028e-07
-7.41333e-07
-9.67644e-07
