1.87149e-05
1.17067e-05
1.17002e-05
1.24583e-05
1.055e-05
1.16806e-05
1.09654e-05
1.15987e-05
1.1378e-05
1.16145e-05
1.12187e-05
1.07884e-05
1.12215e-05
1.05249e-05
1.04103e-05
1.03004e-05
1.00872e-05
1.04578e-05
9.71742e-06
1.05342e-05
1.01365e-05
9.46224e-06
9.89344e-06
9.50415e-06
9.31695e-06
8.99378e-06
8.7209e-06
9.06829e-06
8.84105e-06
7.97026e-06
8.72277e-06
8.66968e-06
8.29995e-06
8.36793e-06
7.83522e-06
8.08761e-06
7.81752e-06
7.44127e-06
7.63126e-06
7.03055e-06
7.02124e-06
7.51112e-06
6.78748e-06
7.02403e-06
6.88154e-06
6.1132e-06
5.99585e-06
6.61518e-06
5.50319e-06
5.9912e-06
6.56955e-06
5.56372e-06
5.66896e-06
5.68293e-06
5.32344e-06
5.14463e-06
4.89689e-06
4.61563e-06
4.65102e-06
4.69573e-06
4.90621e-06
4.68269e-06
4.33717e-06
4.60912e-06
3.78117e-06
3.76534e-06
3.73647e-06
3.34997e-06
3.62378e-06
2.98861e-06
3.05846e-06
2.9169e-06
3.05939e-06
2.72505e-06
2.98675e-06
3.20002e-06
2.59001e-06
2.56859e-06
2.35718e-06
1.98092e-06
2.26591e-06
1.95205e-06
1.85054e-06
2.25194e-06
2.49222e-06
2.31434e-06
1.81608e-06
1.8226e-06
1.76579e-06
1.56276e-06
1.82074e-06
1.48639e-06
1.90735e-06
1.57487e-06
1.89897e-06
1.69687e-06
1.60001e-06
2.007e-06
1.8999e-06
1.49477e-06
1.46963e-06
1.45566e-06
1.44541e-06
1.31689e-06
1.25635e-06
1.08406e-06
1.49012e-06
1.62423e-06
1.29174e-06
1.40257e-06
1.1595e-06
1.35321e-06
1.06636e-06
8.61473e-07
8.56817e-07
9.63919e-07
1.05053e-06
9.13627e-07
4.34928e-07
7.21775e-07
3.17581e-07
5.23403e-07
2.41213e-07
-2.81259e-07
5.96046e-08
5.3551e-07
-3.53903e-08
-9.68575e-08
3.78117e-07
-2.73809e-07
-7.26432e-08
-1.49943e-07
-9.67644e-07
-2.71015e-07
1.02445e-08
-4.09782e-08
-3.26894e-07
-1.9744e-07
-3.05474e-07
-5.78351e-07
-4.37722e-07
-8.39122e-07
-9.18284e-07
-7.43195e-07
-4.59142e-07
-1.01887e-06
-1.03936e-06
-7.07805e-07
-1.05519e-06
-1.15857e-06
-9.20147e-07
-8.72649e-07
-1.17347e-06
-1.14646e-06
-1.37929e-06
-1.42958e-06
-1.18744e-06
-1.43237e-06
-1.03936e-06
-1.63447e-06
-1.57487e-06
-1.70339e-06
-1.35973e-06
-1.4808e-06
-1.9772e-06
-1.65589e-06
-1.63727e-06
-1.91573e-06
-1.96882e-06
-1.95671e-06
-1.45286e-06
-1.4063e-06
-1.77324e-06
-1.90828e-06
-2.14204e-06
-1.80025e-06
-2.10386e-06
-2.40374e-06
-1.72108e-06
-1.84774e-06
-2.15322e-06
-1.69035e-06
-1.92877e-06
-2.56393e-06
-2.04332e-06
-2.16626e-06
-2.15508e-06
-1.74344e-06
-1.85147e-06
-1.74344e-06
-1.43144e-06
-1.80118e-06
-1.85519e-06
-1.4957e-06
-1.53482e-06
-1.83377e-06
-1.47801e-06
-1.30665e-06
-1.08685e-06
-1.04029e-06
-1.11666e-06
-7.66478e-07
-1.34483e-06
-1.1595e-06
-1.36159e-06
-9.11765e-07
-1.05798e-06
-9.82545e-07
-1.00303e-06
-4.74975e-07
-7.19912e-07
-6.37025e-07
-4.65661e-09
-3.39933e-07
-1.02445e-08
-4.07919e-07
-5.37373e-07
-2.6077e-08
-2.57976e-07
-3.31551e-07
-1.02445e-07
-1.47149e-07
1.74157e-07
-1.21072e-08
-2.87779e-07
2.70084e-07
-4.16301e-07
-4.76837e-07
3.09199e-07
7.45058e-09
1.11759e-08
5.90459e-07
6.96629e-07
4.56348e-07
5.66244e-07
4.95464e-07
6.61239e-08
5.1409e-07
5.43892e-07
1.73226e-07
7.63685e-07
2.98023e-07
5.68107e-07
2.32831e-07
2.41213e-07
6.75209e-07
-1.87196e-07
4.6473e-07
5.83939e-07
5.96046e-08
9.19215e-07
1.8999e-07
6.0536e-08
1.95578e-08
-1.85333e-07
3.23169e-07
1.71363e-07
-2.18861e-07
-9.03383e-08
-1.02445e-07
-4.26546e-07
-8.00937e-08
-6.88247e-07
-5.53206e-07
-9.77889e-08
-5.93252e-07
-9.67644e-07
-6.79865e-07
-1.01514e-06
-1.09058e-06
-8.47504e-07
-1.48918e-06
-1.00955e-06
-1.03563e-06
-1.4184e-06
-9.10833e-07
-1.59256e-06
-1.50688e-06
-1.15391e-06
-2.1467e-06
-1.82539e-06
-1.32807e-06
-1.96509e-06
-1.66148e-06
-2.01166e-06
-1.99303e-06
-1.9297e-06
-2.14111e-06
-2.01445e-06
-2.47546e-06
-2.35625e-06
-2.5006e-06
-2.76696e-06
-2.50898e-06
-2.72878e-06
-2.50246e-06
-2.82098e-06
-2.32272e-06
-2.77441e-06
-3.23448e-06
