3.44852
3.3286
3.05094
2.67645
2.22756
1.77544
1.36076
0.973311
0.615626
0.30081
0.0143775
-0.244862
-0.468232
-0.676804
-0.87608
-1.0848
-1.32233
-1.55766
-1.75946
-1.89854
-1.93752
-1.86328
-1.70088
-1.48158
-1.22033
-0.948908
-0.695831
-0.462751
-0.251393
-0.0703208
0.073652
0.186192
0.276015
0.354452
0.43944
0.54087
0.656085
0.761916
0.835142
0.865636
0.83685
0.744871
0.609975
0.451933
0.27939
0.106206
-0.0537394
-0.203634
-0.335104
-0.431415
-0.493787
-0.527681
-0.543562
-0.55436
-0.567718
-0.588217
-0.611861
-0.623662
-0.607337
-0.562684
-0.488481
-0.38687
-0.280889
-0.17803
-0.072777
0.0282564
0.118491
0.197602
0.262006
0.304776
0.330998
0.348324
0.361071
0.380303
0.40984
0.445252
0.478518
0.494161
0.483987
0.45074
0.398389
0.330216
0.253067
0.171108
0.0823718
-0.00668219
-0.091313
-0.172657
-0.244846
-0.303886
-0.351423
-0.392315
-0.431646
-0.472931
-0.515074
-0.549522
-0.56849
-0.566071
-0.541114
-0.493952
-0.423537
-0.334767
-0.229705
-0.110352
0.018798
0.156796
0.296867
0.428174
0.542465
0.633948
0.701978
0.74962
0.778569
0.784747
0.768245
0.729275
0.662475
0.571898
0.460217
0.326384
0.176625
0.0133147
-0.165834
-0.362417
-0.572427
-0.787233
-0.996161
-1.18274
-1.33636
-1.45196
-1.52321
-1.54975
-1.53466
-1.47965
-1.38408
-1.24996
-1.0824
-0.886218
-0.673056
-0.451065
-0.220079
0.0179003
0.267379
0.534743
0.814411
1.09795
1.37626
1.6288
1.83576
1.98899
2.08013
2.10597
2.07334
1.98234
1.83133
1.63292
1.39784
1.1348
0.866234
0.606219
0.357089
0.124648
-0.0955237
-0.314214
-0.528416
-0.728806
-0.912602
-1.06503
-1.16709
-1.22242
-1.2297
-1.18296
-1.09536
-0.975352
-0.826836
-0.662133
-0.495435
-0.33799
-0.200239
-0.088196
0.0053955
0.0863243
0.159135
0.232267
0.302171
0.364392
0.419471
0.461211
0.482386
0.483577
0.46507
0.419644
0.349197
0.258994
0.146968
0.0254451
-0.0873812
-0.185807
-0.263848
-0.317277
-0.35562
-0.385231
-0.40602
-0.426816
-0.44537
-0.451061
-0.447907
-0.433542
-0.402009
-0.36204
-0.31359
-0.248234
-0.170135
-0.0826026
0.0139337
0.103694
0.175429
0.229164
0.258417
0.268467
0.273521
0.276743
0.282164
0.294356
0.305411
0.307464
0.30495
0.296671
0.277967
0.252827
0.217271
0.164125
0.0956498
0.0149032
-0.0708521
-0.147099
-0.204928
-0.242291
-0.25799
-0.260722
-0.264821
-0.26963
-0.273927
-0.282738
-0.28808
-0.286255
-0.283832
-0.278503
-0.264871
-0.239619
-0.197345
-0.130377
-0.0396993
0.066348
0.177323
0.275888
0.355561
0.415287
0.452929
0.476629
0.490168
0.492432
0.482221
0.461704
0.432027
0.393651
0.354709
0.313658
0.26382
0.196916
0.101392
-0.0228828
-0.172967
-0.339262
-0.503048
-0.651438
-0.777406
-0.875882
-0.944648
-0.98851
-1.00729
-0.995274
-0.95434
-0.887387
-0.805609
-0.722475
-0.641437
-0.563868
-0.482119
-0.380969
-0.25254
-0.0982682
0.0808091
0.276817
0.468374
0.646626
0.812284
0.958108
1.08081
1.17739
