0.136532
0.0861695
0.00898936
-0.00969051
0.0263201
0.0572679
0.0437107
0.0225401
0.0333266
0.0577741
0.0479009
-0.000799808
-0.0352045
-0.0151216
0.036275
0.0594614
0.0342382
-0.00519672
-0.0222281
-0.0130962
-0.00370855
-0.00703245
-0.00564609
0.0158617
0.0357483
0.0205459
-0.0207994
-0.0438827
-0.0273665
0.00699051
0.0251877
0.0191741
0.00841255
0.00351841
-0.00264673
-0.013647
-0.0157864
0.00129552
0.0255653
0.0349088
0.0218508
0.000845212
-0.0129865
-0.0146485
-0.00349078
0.0116299
0.0225231
0.0246742
0.0149641
-0.00271589
-0.0171226
-0.0185107
-0.00860466
0.00602698
0.0145731
0.0142561
0.00632429
-0.00988802
-0.0240799
-0.0254791
-0.0144886
0.00189009
0.0116837
0.00575418
-0.0109979
-0.0241756
-0.0270961
-0.022865
-0.0144779
-0.00401116
0.00395984
0.00337712
-0.00719687
-0.0225256
-0.0302549
-0.0230126
-0.00577405
0.00848012
0.0099834
0.00309874
-0.00380921
-0.0112691
-0.017277
-0.0138642
0.000185749
0.0154705
0.0192051
0.0083411
-0.00775318
-0.0133056
-0.00887338
-0.00322468
0.0037623
0.00943714
0.0131153
0.0095599
-0.00365952
-0.0150022
-0.0173302
-0.00752324
0.00802626
0.014655
0.00693626
-0.00725751
-0.0147224
-0.0144873
-0.0118609
-0.00973114
-0.00618682
0.00185161
0.00538892
-0.00420599
-0.0203817
-0.0271906
-0.0179124
-0.00349572
0.00280595
-0.000473769
-0.0059315
-0.00832977
-0.0111833
-0.0151603
-0.0128658
-0.00353824
0.0064047
0.00930356
0.0018322
-0.00781897
-0.0115483
-0.00773951
-0.000220085
0.00588707
0.00767428
0.00615462
0.00398913
-0.00137679
-0.00727245
-0.00827519
-0.00175644
0.0097904
0.0144549
0.00718336
-0.00316123
-0.00663974
-0.00370545
-0.000124393
0.000817819
0.0014174
0.00574269
0.0086078
0.00271429
-0.00891463
-0.0139143
-0.00535238
0.00687597
0.0111567
0.00535427
-0.00290791
-0.00535839
-0.00293902
-0.00117702
-0.00296493
-0.00266474
0.00439296
0.0112985
0.00798407
-0.00348261
-0.0108169
-0.00607223
0.00605884
0.013135
0.00819193
-7.51615e-05
0.000164196
0.00512375
0.00531265
-0.000153546
-0.00281266
0.00471381
0.0144235
0.0135392
0.00124735
-0.0117275
-0.0114421
0.00098617
0.00925463
0.00538261
-0.00466313
-0.00929198
-0.00332219
0.000581936
-0.00741538
-0.0172715
-0.0131828
0.0037111
0.0110944
-0.0015148
-0.0179485
-0.0177626
-0.00177603
0.00918855
0.00462685
-0.00458143
-0.00382018
0.00576992
0.00970169
0.00246709
-0.00440573
0.000626054
0.0140978
0.0219513
0.0162176
0.00404908
-0.001713
0.00486093
0.0155526
0.0177793
0.0121973
0.00778203
0.0092021
0.0097904
0.00328412
-0.00421852
-0.00296959
0.00648992
0.0112066
0.00526247
-0.00535552
-0.0115979
-0.00955879
-0.00538005
-0.00306198
-0.00210324
-0.00180775
-0.0021832
-0.00529267
-0.0101064
-0.012443
-0.00916731
-0.00128753
0.00571934
0.00480434
-0.00332444
-0.0102149
-0.0100187
-0.00510396
-0.00127557
0.00174284
0.00487301
0.00707001
0.00531617
-0.00119021
-0.00510536
-0.00154738
0.00630949
0.0117425
0.0108458
0.00572484
0.00137484
-7.20397e-05
0.000569801
0.00233265
0.00519036
0.00800314
0.00762465
0.00293937
-0.00392566
-0.00850047
-0.00689488
-0.0024291
-0.000226391
-0.000477229
-0.00231213
-0.00377804
-0.0068704
-0.012393
-0.013266
-0.00754598
-0.00102304
-0.000153909
-0.00649171
-0.0129321
-0.0135959
-0.00981137
-0.00613431
-0.00566788
-0.00553655
-0.00369938
-0.00338768
-0.00668209
-0.0117066
-0.0116833
-0.00497586
0.00186072
0.0032376
-0.000345103
-0.00199918
-0.000573856
-4.79473e-05
-0.00130817
