1.08899
1.04869
0.95311
0.8252
0.684896
0.553178
0.428567
0.314578
0.211304
0.124082
0.0571254
0.000845817
-0.0491845
-0.0978993
-0.141989
-0.175318
-0.201248
-0.225115
-0.255471
-0.296057
-0.339246
-0.366249
-0.365944
-0.338754
-0.285433
-0.21838
-0.146413
-0.0716646
0.00147598
0.0681309
0.116917
0.144345
0.154012
0.1502
0.140334
0.124029
0.0980794
0.061621
0.017556
-0.0231228
-0.0538262
-0.076084
-0.0948713
-0.116541
-0.143523
-0.175535
-0.209273
-0.244414
-0.285183
-0.329949
-0.373169
-0.408193
-0.428491
-0.432121
-0.421128
-0.399635
-0.369497
-0.329469
-0.279404
-0.222268
-0.164826
-0.111667
-0.064321
-0.0228813
0.0158054
0.0517692
0.0813794
0.102828
0.118056
0.131674
0.146657
0.163689
0.179796
0.189859
0.192864
0.190043
0.182936
0.171685
0.154439
0.131886
0.10751
0.0854893
0.069568
0.0603167
0.0553814
0.0529602
0.0539065
0.061946
0.0786476
0.101341
0.126378
0.148893
0.165665
0.177241
0.184623
0.18622
0.179921
0.165694
0.145585
0.12402
0.103635
0.0840923
0.0632158
0.0388348
0.0117249
-0.0167586
-0.044997
-0.0746235
-0.109868
-0.150058
-0.193577
-0.237002
-0.275083
-0.307438
-0.334337
-0.35488
-0.365981
-0.363818
-0.347131
-0.31747
-0.280661
-0.241245
-0.201996
-0.164008
-0.127016
-0.0941469
-0.0682582
-0.0495399
-0.034363
-0.0170429
0.00439193
0.0292429
0.0525059
0.069877
0.0833517
0.0948444
0.106058
0.113983
0.111646
0.0947853
0.0615149
0.0154566
-0.0393277
-0.0999842
-0.162729
-0.222253
-0.268566
-0.293823
-0.295501
-0.277809
-0.250775
-0.221834
-0.193884
-0.162202
-0.122435
-0.0767049
-0.0281246
0.0168503
0.0577981
0.100635
0.14991
0.209385
0.277813
0.355086
0.442947
0.540999
0.643623
0.733414
0.790033
0.799852
0.761518
0.688903
0.598809
0.501841
0.402084
0.301567
0.204293
0.115246
0.0411653
-0.0179681
-0.0663375
-0.104866
-0.134473
-0.152269
-0.158608
-0.159787
-0.164693
-0.181339
-0.206611
-0.23281
-0.250193
-0.250172
-0.23452
-0.206059
-0.16715
-0.120015
-0.0650652
-0.00776177
0.0454064
0.0873076
0.114812
0.131546
0.138917
0.137518
0.124454
0.0965985
0.0577153
0.0147383
-0.0247697
-0.0564955
-0.080746
-0.100546
-0.118733
-0.134787
-0.148674
-0.162675
-0.179618
-0.202085
-0.229344
-0.257316
-0.280127
-0.294497
-0.300325
-0.297747
-0.288365
-0.270316
-0.241188
-0.20309
-0.157767
-0.110629
-0.066701
-0.0259767
0.0105864
0.0428978
0.0680878
0.0839917
0.0920681
0.0937711
0.0953064
0.0990163
0.103702
0.109324
0.112421
0.113707
0.114497
0.113162
0.108937
0.100333
0.0881348
0.0739041
0.0609266
0.0512145
0.0427625
0.0363042
0.0320173
0.031587
0.037954
0.0510623
0.0691332
0.0877991
0.105576
0.1202
0.130721
0.138072
0.138344
0.131636
0.118988
0.101698
0.0839024
0.0662707
0.0487246
0.0298552
0.0100275
-0.00889365
-0.027544
-0.0448101
-0.0626487
-0.0838901
-0.107843
-0.133361
-0.158462
-0.181923
-0.203263
-0.22253
-0.23787
-0.246105
-0.245445
-0.234533
-0.215317
-0.19108
-0.16367
-0.134299
-0.103937
-0.0748247
-0.0491517
-0.0290786
-0.0149796
-0.00353265
0.00780816
0.0193705
