0.0309162
0.0210449
0.00611674
-0.00336349
-0.00521547
0.000276641
0.00455177
0.00606332
0.00630036
0.007481
0.00944655
0.00872659
0.00546055
0.00121845
-0.00142717
-0.000314729
0.00212113
0.00394796
0.00327147
0.000504486
-0.000283209
0.00183076
0.00571398
0.00867446
0.0070696
0.00184883
-0.00276047
-0.00414118
-0.0018367
0.00249968
0.00524218
0.0052117
0.0043794
0.00346358
0.00342499
0.00322366
0.000678966
-0.00228847
-0.0033111
-0.00117152
0.00280522
0.00635149
0.00699252
0.00411542
0.00130618
8.21119e-05
0.000178136
0.000245314
-0.00186757
-0.00303003
-0.00151041
0.00181966
0.00544758
0.00554832
0.0028343
-0.000390054
-0.00265492
-0.00314334
-0.00273739
-0.00168641
-0.00107858
1.75163e-05
0.00189546
0.00274681
0.00257838
0.00155323
-0.00047018
-0.00206674
-0.00221169
-0.00155118
-0.00114688
-0.00106793
-0.00103061
-0.000195955
0.00196221
0.00376507
0.00381069
0.00144545
-0.00252507
-0.00522387
-0.00473336
-0.00223274
0.000324477
0.0015337
0.00151932
0.00177964
0.00189011
0.00024958
-0.00280066
-0.00560893
-0.00615997
-0.00398811
-0.00150003
-0.000439332
-0.000926903
-0.00208364
-0.0020564
-0.000963725
-0.000933321
-0.00251213
-0.00433862
-0.00556499
-0.00566984
-0.00380072
-0.00107206
0.000927076
0.00173219
0.00120411
-0.000215726
-0.00156725
-0.00200286
-0.00228229
-0.00258587
-0.00237803
-0.00150445
0.000456209
0.00214
0.00233302
0.00137735
-0.000256403
-0.00112035
-0.000781847
-0.000535872
-0.000703636
-0.00149561
-0.00277096
-0.00241694
0.000129576
0.0028527
0.00309534
0.000606342
-0.00236402
-0.00395431
-0.00332628
-0.00209135
-0.00148367
-0.00119865
-0.000631129
0.000737995
0.00147904
2.89539e-05
-0.00283856
-0.00450762
-0.0040757
-0.0021781
-0.000394336
-0.000399251
-0.00107811
-0.00148352
-0.00131004
-0.000652188
-0.000742533
-0.00148894
-0.00237912
-0.00291664
-0.00249339
-0.00139883
-0.000134915
0.000631452
0.000733227
0.000741689
0.000232629
-0.000162948
-0.00078585
-0.00234589
-0.00307549
-0.00254477
-0.00112848
0.000607173
0.00069916
-0.000363922
-0.0011015
-0.00177778
-0.00178209
-0.00181475
-0.0030762
-0.00347852
-0.00247788
-0.000382328
0.00146676
0.00120516
0.000239541
-0.000791863
-0.000985075
-0.000735413
-0.0011853
-0.00178262
-0.00189611
-0.00105343
0.000755104
0.00198741
0.0021042
0.00137727
8.69101e-05
-0.000746539
-0.00140051
-0.00129817
-0.000941866
-0.0011345
-0.000877986
-7.3432e-05
0.000526458
0.000585831
0.000306505
-0.000250284
-0.000953875
-0.00177365
-0.00210455
-0.00217005
-0.00189953
-0.00145017
-0.00135404
-0.000991963
-0.000469795
-0.000123733
-2.20044e-05
-0.00076477
-0.00163637
-0.00180223
-0.00139146
-0.00037403
0.000280188
5.31506e-05
-0.000113478
-0.000157479
0.000139025
0.000473567
-1.73934e-05
-0.000416808
-0.000435972
-0.000231354
-0.000118009
-0.00029619
8.57254e-05
0.000518281
0.00105509
0.00138546
0.000396299
-0.00074421
-0.00108383
-0.000576998
9.57474e-05
0.000431461
0.000515501
0.00066081
0.00113444
0.00153939
0.000933501
-0.000628139
-0.00189823
-0.00148622
0.000368859
0.00190131
0.00177371
-2.16998e-06
-0.00173582
-0.00176122
-0.000488476
0.00018716
-2.43941e-05
-0.000719179
-0.00142196
-0.000465893
0.00111328
0.00165878
0.0011368
-1.90539e-05
-0.000261399
0.000462806
0.000903666
0.000697324
-0.000149414
-0.000434723
0.000120874
0.0013727
0.00247392
0.00194526
0.000417116
-0.00105463
-0.00140716
-0.000691514
-9.77078e-05
0.000135837
-0.000171975
-0.000874924
-0.000607483
0.000447305
0.00121059
0.00118956
0.000317303
-0.00109509
-0.0020572
-0.00146504
6.61584e-05
0.00166726
0.00231429
0.00140675
0.000853792
0.000589013
8.91257e-05
