0.000168429
5.12563e-05
-9.79844e-06
1.61408e-05
6.11115e-05
5.39888e-05
2.43289e-05
2.41324e-05
3.30526e-05
3.66531e-05
2.9562e-05
2.12444e-05
4.48516e-05
3.32948e-05
-6.2678e-07
6.44848e-06
4.49736e-06
2.02795e-05
7.56793e-06
-1.0795e-05
-2.85488e-05
6.66641e-06
2.56766e-05
8.50391e-06
-2.16952e-05
-2.14456e-05
-1.54581e-05
-4.93042e-06
-1.23233e-05
-2.58675e-05
-1.02073e-05
-1.20653e-05
-2.4342e-05
-1.80528e-05
1.9772e-06
-1.017e-06
-2.30055e-05
-3.49618e-05
-1.27051e-05
9.08412e-06
1.17347e-06
-3.45195e-05
-2.12565e-05
1.03069e-05
4.54113e-06
-1.18194e-05
-9.14931e-06
4.34276e-06
2.86382e-06
-1.62888e-06
-9.13627e-06
2.7176e-06
5.37746e-06
-5.36814e-06
-2.91504e-06
6.47828e-06
1.56565e-05
1.17589e-05
-4.25614e-06
-7.38259e-06
4.74323e-06
1.98325e-05
5.44917e-06
-3.74112e-06
2.7502e-06
1.26986e-05
1.21333e-05
-3.6722e-06
-1.30478e-06
1.57561e-05
1.74055e-05
5.87385e-06
-5.81518e-06
3.57814e-06
1.17738e-05
7.91717e-06
6.56676e-06
4.92297e-06
1.47456e-05
1.17682e-05
-6.08154e-07
8.58027e-06
1.11079e-05
6.88061e-06
9.018e-06
8.00379e-06
1.25123e-05
9.84594e-06
8.01776e-06
8.84105e-06
9.29553e-06
1.24648e-05
6.33765e-06
6.54068e-06
1.52057e-05
1.00713e-05
3.3211e-06
8.63522e-06
9.91393e-06
7.93207e-06
8.43313e-06
6.54068e-06
2.94577e-06
4.58024e-06
9.06736e-06
5.02542e-06
1.02725e-06
2.44286e-06
5.85057e-06
3.65824e-06
-1.79652e-06
-2.53227e-06
4.20958e-06
-1.70898e-06
-5.12134e-06
-3.71225e-06
-1.39698e-07
-5.05708e-07
-3.52319e-06
-3.7523e-06
-7.25873e-06
-4.60073e-06
-6.08806e-06
-7.92462e-06
-4.78327e-06
-4.82518e-06
-6.19609e-06
-6.71018e-06
-6.22589e-06
-5.6671e-06
-4.50946e-06
-3.94136e-06
-7.25314e-06
-6.89924e-06
-1.9772e-06
-4.29805e-06
-6.65151e-06
-3.61167e-06
9.13627e-07
-2.03215e-06
1.24052e-06
1.58604e-06
-3.09385e-06
1.56928e-06
4.75533e-06
3.16184e-06
4.45731e-06
4.63147e-06
3.119e-06
4.93322e-06
7.10506e-06
8.32602e-06
9.5088e-06
7.011e-06
5.34393e-06
1.01486e-05
9.77051e-06
6.92811e-06
6.79865e-06
9.79006e-06
1.00704e-05
6.34138e-06
6.64778e-06
8.19564e-06
7.57445e-06
8.18167e-06
5.68572e-06
4.64264e-06
8.20961e-06
7.9032e-06
1.51526e-06
1.18557e-06
2.3013e-06
5.82822e-06
4.48618e-06
7.3947e-07
-2.82936e-06
-1.5432e-06
2.87406e-06
1.51899e-06
-3.81935e-06
-3.69735e-06
-3.29874e-06
-1.24983e-06
-2.78279e-06
-6.10575e-06
-2.07778e-06
-4.692e-06
-3.42075e-06
-6.85733e-06
-5.0813e-06
-2.30223e-06
-4.96022e-06
-5.97164e-06
-5.14742e-06
-4.57373e-06
-1.96975e-06
-4.90248e-06
-4.61191e-06
-4.54765e-06
-3.62471e-06
-2.70177e-06
-3.97116e-06
-7.54371e-08
-3.03052e-06
-3.12459e-06
6.33299e-07
2.29105e-07
-3.45521e-07
-7.80448e-07
-5.95115e-07
-4.83356e-07
-3.44589e-08
2.50433e-06
-4.53554e-07
1.44169e-06
2.89548e-06
8.14907e-07
1.95485e-06
1.49757e-06
-6.04428e-07
1.33645e-06
3.38722e-06
1.14366e-06
-3.49246e-07
2.70549e-06
3.4133e-06
5.6345e-07
1.51247e-06
3.64333e-06
2.63844e-06
2.92063e-06
4.59142e-07
8.34465e-07
2.98675e-06
4.27943e-06
4.11086e-06
2.94391e-06
4.15649e-06
4.81308e-06
5.682e-06
2.27615e-06
-3.19444e-07
3.03425e-06
6.86944e-06
5.99306e-06
2.88617e-06
1.04681e-06
5.68479e-06
5.60377e-06
4.16301e-06
2.67196e-06
6.49411e-06
6.6543e-06
4.0466e-06
5.06546e-06
4.88013e-06
4.75906e-06
3.84636e-06
4.97885e-06
6.34603e-06
5.30202e-06
4.47221e-06
3.74764e-06
2.1914e-06
3.97675e-06
4.89503e-06
5.30947e-06
3.33227e-06
3.93577e-06
2.00421e-06
1.0347e-06
4.28502e-06
3.5977e-06
1.52458e-06
1.4957e-06
2.15415e-06
1.64099e-06
2.13273e-06
2.65148e-06
1.71456e-06
5.21541e-07
1.92598e-06
3.26335e-06
2.16346e-06
-1.02445e-07
1.82725e-06
2.66451e-06
1.44634e-06
1.54413e-06
2.46242e-06
3.65917e-06
3.41423e-06
1.14366e-06
3.15998e-06
3.39281e-06
3.59677e-06
1.87103e-06
2.09454e-06
4.2459e-06
