0.00429398
0.0029278
0.00197653
0.00183589
0.00162387
0.00168109
0.00172612
0.00203393
0.00202207
0.00180246
0.00145041
0.00134571
0.00128478
0.00113151
0.00123897
0.00131095
0.00115404
0.000697618
0.000361271
0.000462317
0.000705951
0.000689206
0.000383674
0.000368662
0.000512006
0.000379078
7.08289e-05
-9.47593e-05
-0.000151107
-0.00024221
-0.000339772
-0.000278895
-0.000142084
-0.00035329
-0.000410763
-0.000306301
-0.000381601
-0.000545067
-0.000801573
-0.00077266
-0.000511925
-0.000515933
-0.000709462
-0.000722308
-0.000646838
-0.000765088
-0.000866681
-0.000804348
-0.00060542
-0.000550338
-0.000608839
-0.00058566
-0.000611637
-0.000793983
-0.000775655
-0.000567231
-0.000469204
-0.000527103
-0.000481477
-0.000399231
-0.000407507
-0.000398223
-0.000455144
-0.00042503
-0.000199916
-7.37458e-05
-0.000242786
-0.00023223
-6.8089e-05
-0.000103001
-0.0002488
-9.26452e-05
0.000130048
-4.52967e-05
-0.000129326
3.16277e-05
0.000215127
7.7852e-05
-1.8917e-05
0.000166864
0.000214566
0.000101781
7.52509e-05
0.000216441
0.000206372
3.46433e-05
3.92757e-05
0.000153719
8.71895e-05
1.96155e-05
0.000101819
0.000161679
0.000171701
5.12553e-05
-6.20848e-05
-2.19634e-05
-6.66017e-05
-3.24193e-06
-4.23826e-05
-0.000116352
-0.000104931
-0.000249008
-0.000277957
-0.000240339
-0.000261532
-0.000236471
-0.000286793
-0.000316026
-0.000340304
-0.000580088
-0.000712575
-0.000613631
-0.000543287
-0.000450712
-0.000505499
-0.00063969
-0.000715393
-0.000790784
-0.000834906
-0.000812632
-0.000755277
-0.000791651
-0.000824797
-0.000764519
-0.000801931
-0.00093654
-0.000905004
-0.000748236
-0.000740218
-0.000787721
-0.000786997
-0.000796066
-0.000691907
-0.000784978
-0.000823969
-0.000754335
-0.000782279
-0.000650771
-0.000682542
-0.000596129
-0.000558509
-0.000618026
-0.000565186
-0.000440645
-0.000426841
-0.000509147
-0.000372109
-0.000299454
-0.000235067
-0.000241362
-0.000302336
-8.30721e-05
7.66665e-06
-7.89268e-05
-9.16347e-05
6.07027e-05
0.000142133
8.21268e-05
0.000112134
0.000226974
0.00027513
0.000229867
0.000339842
0.000549267
0.00049742
0.00038643
0.000408452
0.000597054
0.00067573
0.000587773
0.000679133
0.000761306
0.000745117
0.000728638
0.000785958
0.000837616
0.000872147
0.000919078
0.000857193
0.000867966
0.000961209
0.000896594
0.000876652
0.000937185
0.000874561
0.00078596
0.000823913
0.000944001
0.00091352
0.000854277
0.000777431
0.000741118
0.000798791
0.000756911
0.000679941
0.000808937
0.000696278
0.000506846
0.000447635
0.000302046
0.000404079
0.000428661
0.000432978
0.00050229
0.000417792
0.000235184
7.6538e-05
-3.31039e-05
1.3764e-05
4.10117e-05
-7.4273e-06
0.000143618
9.69172e-05
-0.000154063
-0.000291162
-0.000224439
-0.000232858
-0.000276306
-0.000142977
-0.000113785
-0.000211007
-0.000344681
-0.000497671
-0.000530892
-0.000434179
-0.000320219
-0.000278349
-0.000188331
-0.000185621
-0.000274206
-0.000341979
-0.000412252
-0.00032191
-0.000325539
-0.000289071
-3.50438e-05
-5.79655e-06
-0.000133391
-0.000150138
-0.000110272
3.1516e-06
6.7086e-05
6.34408e-05
6.9526e-05
7.55554e-05
0.000119792
0.00012246
8.89208e-05
6.59227e-05
6.8794e-05
9.43542e-05
0.00010441
0.000197085
0.000140743
0.000167619
0.000165824
7.64448e-05
5.74542e-05
-0.000119061
-0.000100822
2.25343e-05
4.42155e-05
-4.21489e-05
-0.000177142
-0.000246566
-0.000277273
-0.000248701
-0.000199848
-0.000233009
-0.000175424
-0.000145937
-0.000283394
-0.000369786
-0.000377328
-0.000343268
-0.000338852
-0.000247143
-0.000162349
-0.000266869
-0.000315136
-0.000284186
-0.000322934
-0.000399468
-0.000442045
-0.000408566
-0.000395248
-0.000327509
-0.000306278
-0.000313177
-0.000328433
-0.000401958
-0.000473157
-0.000495475
-0.000440794
-0.0003304
-0.000288153
-0.000393231
-0.000382024
-0.000395752
-0.000465305
