0.779587
0.758855
0.708733
0.63692
0.551556
0.46417
0.375117
0.289929
0.209496
0.137881
0.0779569
0.0256224
-0.0177868
-0.0553964
-0.0860812
-0.107605
-0.123836
-0.136434
-0.149671
-0.166199
-0.183764
-0.196792
-0.200412
-0.193295
-0.174506
-0.147075
-0.114299
-0.0777403
-0.0397746
-0.00316729
0.0272557
0.0492644
0.063285
0.0696273
0.0699126
0.0637394
0.0494768
0.0271386
-0.00174832
-0.032311
-0.0605216
-0.0851381
-0.105119
-0.122134
-0.136816
-0.149359
-0.161372
-0.173161
-0.187463
-0.204261
-0.221579
-0.237977
-0.249873
-0.257239
-0.259251
-0.256294
-0.249382
-0.235426
-0.215045
-0.188401
-0.157114
-0.124431
-0.0912184
-0.0600272
-0.0304749
-0.004232
0.0165999
0.0329065
0.0437056
0.0519197
0.0591808
0.0655248
0.0718243
0.0763838
0.079848
0.0823449
0.0844278
0.0865564
0.0875881
0.0887107
0.0892207
0.0894278
0.0903709
0.0909758
0.0909138
0.0897126
0.0879132
0.0861522
0.0854061
0.0862448
0.0876312
0.0893349
0.0906105
0.0912685
0.0912495
0.089795
0.0869203
0.0820452
0.0757831
0.0684903
0.0598129
0.0496268
0.036025
0.0190019
-0.00111992
-0.0244032
-0.0492077
-0.0753106
-0.101808
-0.127462
-0.15147
-0.17213
-0.18923
-0.202483
-0.21167
-0.21706
-0.218046
-0.214757
-0.207483
-0.197298
-0.186141
-0.174753
-0.16343
-0.152086
-0.139779
-0.125974
-0.110584
-0.0930526
-0.0727503
-0.0495975
-0.0246453
0.00022439
0.0226876
0.0411282
0.0552086
0.0643281
0.0683153
0.0663291
0.0569807
0.0404798
0.0179389
-0.00892112
-0.0382927
-0.0674763
-0.0944512
-0.117609
-0.133962
-0.142744
-0.144746
-0.14161
-0.135715
-0.128836
-0.121291
-0.110921
-0.0971638
-0.0792435
-0.0567367
-0.0308034
0.00026052
0.0371802
0.080927
0.131622
0.188437
0.250891
0.31637
0.384175
0.4485
0.501753
0.538682
0.553232
0.545492
0.518227
0.47674
0.425477
0.367313
0.307231
0.246668
0.189073
0.136936
0.0901978
0.0503923
0.0162813
-0.0111869
-0.0316964
-0.0470344
-0.0584018
-0.0694917
-0.0818278
-0.0957007
-0.109803
-0.120551
-0.126364
-0.125865
-0.119106
-0.106837
-0.0896864
-0.0696029
-0.0481062
-0.0272055
-0.00911507
0.00526259
0.0161794
0.0231019
0.0249447
0.0215879
0.0122531
-0.00267595
-0.0208596
-0.0399849
-0.0578944
-0.0731593
-0.0852392
-0.0942156
-0.100862
-0.106093
-0.111089
-0.117067
-0.124094
-0.132498
-0.141286
-0.148874
-0.155583
-0.160243
-0.162598
-0.162693
-0.159304
-0.152075
-0.140106
-0.124561
-0.106095
-0.0853581
-0.0649608
-0.0451419
-0.0276886
-0.0138395
-0.0031496
0.00387723
0.00888801
0.0124938
0.015604
0.0188236
0.0218799
0.0259215
0.0298404
0.0341877
0.0393475
0.0441793
0.0494376
0.0547102
0.0596154
0.0635411
0.0663091
0.0677443
0.067219
0.0658657
0.0637932
0.0615168
0.0598432
0.0586821
0.0584211
0.058794
0.0597669
0.060736
0.0615436
0.0621054
0.0615875
0.060983
0.0597164
0.0570161
0.0531483
0.0469531
0.0381994
0.0267106
0.0129303
-0.00259885
-0.0198864
-0.0376096
-0.0554154
-0.0726214
-0.0882176
-0.102304
-0.114305
-0.124383
-0.132489
-0.137873
-0.14071
-0.14106
-0.1393
-0.136069
-0.131794
-0.126863
-0.120992
-0.114111
-0.106317
-0.0970771
-0.086293
-0.0739122
-0.0599643
-0.0449193
-0.0291946
