0.0267807
0.0169766
0.00337009
-0.00518981
-0.00708047
-0.00163834
0.00267181
0.00451113
0.00481108
0.00586377
0.0070669
0.00588838
0.0032892
9.67113e-05
-0.00150321
2.9657e-05
0.00242389
0.00389635
0.00262715
-0.000996321
-0.00256648
-0.000793496
0.00338426
0.00776127
0.00717342
0.00213353
-0.00314296
-0.00568437
-0.00446096
-0.0013751
0.000622893
0.000969799
0.00173261
0.00196103
0.00228204
0.001948
-0.00115666
-0.00324585
-0.00362021
-0.00260226
-0.000575447
0.000784006
0.000753855
-0.000957595
-0.00245653
-0.00263978
-0.00183087
-0.0009486
-0.00183235
-0.00331362
-0.00406673
-0.00341407
-0.00114387
-9.95584e-05
-0.000780308
-0.00197543
-0.00339549
-0.00392773
-0.00342672
-0.00264734
-0.00223734
-0.00137944
-0.000115492
-2.04295e-05
-0.000970216
-0.00228362
-0.00383321
-0.00372617
-0.00241021
-0.00123087
-0.000620933
-0.0010073
-0.000773865
-0.000420805
-0.000350885
-0.000652505
-0.00110831
-0.00143797
-0.00164799
-0.00182427
-0.00170018
-0.00130095
-0.000841639
0.000206575
0.000556576
0.000934979
0.00151684
0.000571908
-0.000992324
-0.00278658
-0.00295633
-0.00134439
0.000346193
0.00187423
0.00208559
0.00210418
0.00182344
0.00177208
0.00110788
-0.000692856
-0.000831403
-0.000242495
0.000862584
0.00223396
0.00315944
0.00298565
0.00184672
0.00132949
0.000978776
0.00173776
0.00268907
0.00224125
0.000547041
-0.000817771
-0.000286267
0.00166246
0.00332332
0.0032546
0.00208649
0.0013079
0.00203498
0.0027358
0.00116167
-0.0011552
-0.00246273
-0.0019089
0.000486483
0.0028942
0.00349136
0.00165714
-0.000200838
-0.00103358
-0.0007458
0.000110628
-0.000643294
-0.00149165
-0.0016424
-0.000296684
0.00160928
0.00206133
0.00063575
-0.00249021
-0.00282896
-0.000593041
0.00162841
0.00180047
-0.00119901
-0.00378895
-0.00406113
-0.00226529
0.000147267
0.000854715
0.000157051
-0.000990454
-0.00206029
-0.002225
-0.00224867
-0.00327232
-0.00425106
-0.00418842
-0.00234069
0.000266869
0.00132845
7.86753e-05
-0.0030896
-0.00490835
-0.00422476
-0.0025413
-0.000892633
-0.00111978
-0.0021896
-0.00254941
-0.00221272
-0.00136509
-0.000625748
-0.00172452
-0.00274474
-0.00221886
-0.001007
0.000300521
-2.45124e-06
-0.00135725
-0.00297728
-0.00282732
-0.00107034
0.00069697
0.00190177
0.000939252
-0.00100937
-0.00217106
-0.00140868
-5.61373e-05
0.0004705
1.24332e-05
-0.0010462
-0.00109809
-9.81279e-05
0.000946936
0.000442584
-0.000746281
-0.000643299
0.000152016
0.00177771
0.00279804
0.00147855
-0.000247615
-0.00137482
-0.0011262
0.000548746
0.00222376
0.00263059
0.00231165
0.0021644
0.00219607
0.00219927
0.001946
0.000664499
-0.000656701
-0.000355038
0.000872403
0.00284578
0.00372931
0.00303642
0.00270399
0.00205501
0.00164509
0.00147129
0.000299832
-0.000114035
0.000413499
0.00172505
0.00287651
0.00284255
0.00234553
0.00118184
0.000931776
0.000999003
0.00105909
0.00146756
0.000947866
0.000933176
0.000848902
0.000528569
0.000750722
0.00143158
0.00212003
0.00259851
0.00267372
0.00169167
0.00062435
-0.000584566
-0.00145093
-0.000634151
0.000840512
0.00210668
0.00272039
0.00140627
-0.000341472
-0.00101172
-0.00110584
-0.000769436
-0.000229698
-0.000130004
-0.00012727
0.000460904
0.000313613
-0.000656321
-0.0011049
-0.0014161
-0.00115964
-0.000334202
-8.63215e-05
-0.000181606
-0.000691651
-0.00175949
-0.00220705
-0.00164463
-0.000739871
-0.000504922
-0.001033
-0.00190335
-0.00186663
-0.000845489
0.000422338
0.00119651
0.000603182
-0.00072976
-0.00123381
-0.00114699
-0.00124585
-0.00148444
-0.00191623
-0.00144164
2.12435e-05
0.00174846
0.00212907
0.000654751
-0.00122651
-0.00275972
-0.0027453
