1.3814
1.34605
1.26411
1.16735
1.06316
0.94683
0.815991
0.676748
0.540335
0.407541
0.269169
0.130581
0.0107413
-0.0809784
-0.152147
-0.218407
-0.291041
-0.364208
-0.422974
-0.461927
-0.48164
-0.480528
-0.459143
-0.422181
-0.376058
-0.328168
-0.280998
-0.229003
-0.167114
-0.0990313
-0.0340492
0.0196497
0.0585001
0.0842365
0.100649
0.111398
0.120533
0.129726
0.136457
0.137476
0.130265
0.115045
0.095775
0.0774572
0.0626496
0.0512719
0.0410136
0.0272978
0.00681456
-0.0200093
-0.0494209
-0.0779303
-0.105042
-0.1329
-0.162168
-0.192669
-0.226082
-0.262231
-0.298858
-0.332702
-0.358984
-0.376461
-0.390653
-0.405476
-0.419395
-0.429461
-0.4332
-0.430057
-0.421861
-0.407819
-0.385198
-0.357193
-0.3286
-0.298159
-0.262135
-0.218589
-0.168568
-0.118166
-0.0725811
-0.0304315
0.00963994
0.0456588
0.0767007
0.103636
0.126885
0.14612
0.158709
0.16006
0.150928
0.137106
0.121172
0.101881
0.0780273
0.0483728
0.0122306
-0.0293276
-0.0754608
-0.124186
-0.171294
-0.21485
-0.257638
-0.302182
-0.347513
-0.390709
-0.42773
-0.455839
-0.473607
-0.478245
-0.467965
-0.446288
-0.417713
-0.382168
-0.336004
-0.275913
-0.203543
-0.125511
-0.047252
0.0308199
0.109377
0.18729
0.263389
0.338967
0.417461
0.500464
0.582763
0.654886
0.712207
0.75721
0.793256
0.819366
0.830569
0.822653
0.796164
0.754314
0.69888
0.629508
0.549628
0.468438
0.393334
0.323829
0.255073
0.185527
0.119497
0.0618271
0.0128832
-0.029077
-0.0642756
-0.0916609
-0.111847
-0.127445
-0.140247
-0.148752
-0.150231
-0.143485
-0.1292
-0.109622
-0.0874578
-0.0646403
-0.0425858
-0.021876
-0.000877304
0.020609
0.0402273
0.0571392
0.0712078
0.0807703
0.0848126
0.0839308
0.0796791
0.074757
0.0706509
0.0659731
0.0588889
0.0495072
0.0376744
0.0234898
0.00859972
-0.00670811
-0.0223114
-0.0376147
-0.05413
-0.0740809
-0.0973963
-0.124009
-0.152886
-0.180053
-0.203456
-0.2241
-0.243401
-0.263065
-0.282584
-0.298428
-0.309259
-0.315894
-0.316138
-0.308257
-0.295426
-0.281111
-0.266889
-0.252329
-0.233504
-0.208261
-0.180391
-0.153407
-0.126619
-0.0998418
-0.0751178
-0.0538303
-0.0353242
-0.0164164
0.00567084
0.027397
0.0425728
0.0503363
0.0535049
0.0539463
0.0524943
0.0484788
0.0406386
0.0301257
0.0177145
0.00149006
-0.0198888
-0.0441909
-0.0678569
-0.0884724
-0.106044
-0.123782
-0.143553
-0.164249
-0.184764
-0.203598
-0.218722
-0.230481
-0.240023
-0.247618
-0.253938
-0.258554
-0.260169
-0.257328
-0.248028
-0.230904
-0.206265
-0.176716
-0.145766
-0.115349
-0.0836941
-0.0469983
-0.00530842
0.0380443
0.0804684
0.121379
0.162098
0.202927
0.240015
0.273205
0.306875
0.342794
0.377926
0.406566
0.424851
0.435194
0.442837
0.446726
0.441962
0.428354
0.409232
0.386364
0.359873
0.328259
0.290828
0.252914
0.220879
0.1939
0.16696
0.137821
0.108469
0.0831495
0.0632709
0.0449538
0.0260405
0.0108091
0.00140644
-0.00532623
-0.0116173
-0.017386
-0.0209592
-0.0184541
-0.00986707
-0.000932292
0.00578443
0.0119113
0.0185013
0.0249222
0.029872
0.0326013
0.0349846
0.038913
0.0423154
0.0422547
