0.142549
0.141697
0.140059
0.137822
0.134786
0.131341
0.127416
0.122847
0.117808
0.112103
0.105737
0.098965
0.0917026
0.084046
0.0761375
0.0678526
0.0593036
0.0506322
0.0418407
0.0330854
0.0242535
0.0154628
0.00685311
-0.00188526
-0.010714
-0.0193826
-0.0279014
-0.0360557
-0.0437422
-0.0510271
-0.0578108
-0.0641435
-0.0701524
-0.0757303
-0.0808764
-0.0855659
-0.0896672
-0.0932137
-0.0961985
-0.0986305
-0.100451
-0.101566
-0.102104
-0.102143
-0.101525
-0.100369
-0.0987795
-0.0967157
-0.0943002
-0.0914243
-0.0879682
-0.0840662
-0.0795781
-0.0745374
-0.0692103
-0.0635872
-0.0577696
-0.0519328
-0.045955
-0.0397865
-0.0334681
-0.0270008
-0.0204624
-0.0138583
-0.00717177
-0.000591747
0.00585058
0.0121956
0.0183036
0.0242033
0.0298234
0.0350967
0.0401149
0.0448097
0.0491923
0.0533387
0.0571182
0.060515
0.0635329
0.0660365
0.0680011
0.0694863
0.0705271
0.0712079
0.0715105
0.0714254
0.0709989
0.070194
0.0689469
0.0672567
0.0651254
0.0625942
0.0596582
0.0563367
0.0526911
0.0487035
0.0444069
0.0398809
0.0351125
0.0300927
0.0248736
0.0194196
0.0137909
0.00794194
0.00190738
-0.00414124
-0.0101643
-0.0161645
-0.021979
-0.0276788
-0.0332364
-0.0386463
-0.0440111
-0.0492381
-0.0542646
-0.0591097
-0.0636635
-0.0678202
-0.0716704
-0.0751001
-0.0780643
-0.0806334
-0.0828209
-0.0845966
-0.0859656
-0.0869139
-0.0874733
-0.0876106
-0.0872976
-0.0864558
-0.0851207
-0.083337
-0.0810129
-0.0782098
-0.075065
-0.0715411
-0.0676471
-0.0634235
-0.0588424
-0.0539129
-0.0486819
-0.0431686
-0.0373855
-0.0313447
-0.0250764
-0.0187133
-0.012221
-0.00565327
0.000921008
0.00752333
0.0140603
0.020534
0.0270567
0.0334339
0.0396379
0.0457835
0.051699
0.0573133
0.0626827
0.06771
0.0723567
0.0766639
0.0805579
0.0840675
0.0872239
0.0899683
0.0923069
0.094246
0.0956745
0.0965422
0.0968448
0.0966095
0.0957357
0.0942791
0.0924159
0.0901236
0.0873745
0.0843102
0.0808737
0.0770117
0.0728249
0.0682532
0.0633478
0.0582159
0.0527996
0.0471803
0.0414852
0.0356222
0.0296743
0.0237276
0.0177692
0.0117861
0.00578588
-0.000165684
-0.00604445
-0.0119024
-0.0175928
-0.0230431
-0.0283064
-0.0332683
-0.0379274
-0.0423408
-0.0464045
-0.0502021
-0.0537492
-0.0568929
-0.0597189
-0.0622284
-0.0642414
-0.0658399
-0.0670833
-0.0678641
-0.0682531
-0.0682475
-0.0678796
-0.0671947
-0.0661484
-0.0647944
-0.0631638
-0.06116
-0.0588235
-0.0561593
-0.0531741
-0.0499204
-0.0464056
-0.042701
-0.0388872
-0.0349279
-0.0308605
-0.0267817
-0.0226112
-0.0183022
-0.0139499
-0.00956535
-0.00515067
-0.000765372
0.003552
0.00774533
0.0118148
0.015715
0.0194402
0.0229944
0.0263603
0.0295669
0.0325812
0.035341
0.0379034
0.0401896
0.0421245
0.0437867
0.0451629
0.0461852
0.0469323
0.0474179
0.0476311
0.0476181
0.0473189
0.0467574
0.0459748
0.0448776
0.0435015
0.0418835
0.0399801
0.0378564
0.0355121
0.0329647
0.0302725
0.0274041
0.0243626
0.0212001
0.0178322
0.0142846
0.0106245
0.00685727
0.0030029
-0.000898285
-0.00479534
-0.00861585
-0.0124038
-0.0161342
-0.0197447
-0.0232634
-0.0266965
-0.0300296
-0.0332587
-0.0363476
-0.0392669
-0.0420138
-0.0444643
-0.0466621
-0.0486214
-0.0502415
-0.0516111
-0.0527989
-0.0537305
-0.05445
-0.0549096
-0.0550752
-0.0549873
-0.0545713
