0.000149167
0.000139922
0.000135051
0.000131949
0.000122529
0.000116518
0.000107743
9.71863e-05
8.90521e-05
7.96579e-05
6.95027e-05
6.11302e-05
5.1735e-05
4.26127e-05
3.41497e-05
2.46735e-05
1.61147e-05
8.367e-06
-2.12342e-07
-7.75699e-06
-1.53985e-05
-2.23648e-05
-2.80002e-05
-3.38834e-05
-3.91407e-05
-4.3611e-05
-4.75598e-05
-5.23515e-05
-5.56959e-05
-5.88084e-05
-6.25122e-05
-6.40685e-05
-6.52755e-05
-6.65523e-05
-6.69183e-05
-6.6041e-05
-6.56033e-05
-6.417e-05
-6.24135e-05
-6.06524e-05
-5.83669e-05
-5.62789e-05
-5.46649e-05
-5.19166e-05
-4.91738e-05
-4.65643e-05
-4.31156e-05
-4.01707e-05
-3.60375e-05
-3.22796e-05
-2.83401e-05
-2.40412e-05
-1.9731e-05
-1.40583e-05
-8.26269e-06
-3.2289e-06
1.89338e-06
7.20844e-06
1.28318e-05
1.77454e-05
2.31592e-05
2.8328e-05
3.31355e-05
3.71961e-05
4.11356e-05
4.47808e-05
4.80581e-05
5.17461e-05
5.32586e-05
5.41229e-05
5.49965e-05
5.4325e-05
5.30435e-05
5.04134e-05
4.72795e-05
4.29126e-05
3.85717e-05
3.45595e-05
2.85581e-05
2.37906e-05
1.83862e-05
1.2096e-05
6.7791e-06
8.76375e-07
-5.35324e-06
-9.9279e-06
-1.59442e-05
-2.2335e-05
-2.72207e-05
-3.33237e-05
-3.82913e-05
-4.27011e-05
-4.8005e-05
-5.04041e-05
-5.24092e-05
-5.52032e-05
-5.61196e-05
-5.64819e-05
-5.74337e-05
-5.64782e-05
-5.53196e-05
-5.39571e-05
-5.15543e-05
-4.94123e-05
-4.7043e-05
-4.31063e-05
-3.94015e-05
-3.65572e-05
-3.20971e-05
-2.80794e-05
-2.46782e-05
-2.14344e-05
-1.78684e-05
-1.53426e-05
-1.30618e-05
-1.07503e-05
-9.50508e-06
-7.71321e-06
-6.30226e-06
-5.43986e-06
-3.51761e-06
-2.31527e-06
-4.26546e-07
2.05636e-06
3.18699e-06
6.11041e-06
8.79448e-06
1.13389e-05
1.40835e-05
1.59033e-05
1.83545e-05
2.0897e-05
2.32831e-05
2.54931e-05
2.80915e-05
2.9983e-05
3.15439e-05
3.30359e-05
3.43109e-05
3.61735e-05
3.70024e-05
3.73023e-05
3.66783e-05
3.57796e-05
3.52059e-05
3.37875e-05
3.12477e-05
2.89418e-05
2.59476e-05
2.27746e-05
1.98698e-05
1.56676e-05
1.18203e-05
8.47783e-06
3.87803e-06
4.84288e-08
-3.69176e-06
-8.41543e-06
-1.18669e-05
-1.52476e-05
-1.88183e-05
-2.18162e-05
-2.47238e-05
-2.70912e-05
-2.80561e-05
-2.97837e-05
-3.04012e-05
-2.92007e-05
-2.85916e-05
-2.77488e-05
-2.57175e-05
-2.35373e-05
-2.13869e-05
-1.73999e-05
-1.51759e-05
-1.28075e-05
-8.40705e-06
-6.27711e-06
-3.68431e-06
-2.5332e-07
1.49105e-06
4.23938e-06
7.19819e-06
8.28598e-06
1.00993e-05
1.21491e-05
1.27479e-05
1.46441e-05
1.5677e-05
1.61733e-05
1.7724e-05
1.75107e-05
1.75033e-05
1.9365e-05
1.96518e-05
2.02116e-05
2.07555e-05
2.00784e-05
2.07461e-05
2.15257e-05
2.07033e-05
2.06968e-05
2.03243e-05
1.98036e-05
1.99117e-05
1.91675e-05
1.90679e-05
1.8918e-05
1.84486e-05
1.79475e-05
1.68122e-05
1.62311e-05
1.56304e-05
1.46627e-05
1.29901e-05
1.05565e-05
8.42195e-06
6.54534e-06
3.80911e-06
1.37929e-06
-6.91973e-07
-3.9516e-06
-5.86919e-06
-8.55885e-06
-1.14329e-05
-1.34297e-05
-1.60988e-05
-1.82325e-05
-2.03066e-05
-2.27373e-05
-2.40617e-05
-2.52789e-05
-2.73148e-05
-2.8152e-05
-2.93013e-05
-3.05641e-05
-3.09208e-05
-3.10792e-05
-3.06275e-05
-2.94605e-05
-2.84584e-05
-2.6498e-05
-2.45795e-05
-2.22139e-05
-1.88742e-05
-1.63745e-05
-1.36588e-05
-1.04904e-05
-7.54558e-06
-4.43775e-06
-1.34949e-06
9.12696e-07
3.5204e-06
6.40936e-06
8.32602e-06
1.07996e-05
1.22814e-05
1.32406e-05
1.45864e-05
1.48406e-05
1.48881e-05
1.55419e-05
1.48546e-05
1.3697e-05
1.26837e-05
1.07605e-05
9.65036e-06
8.4769e-06
6.48946e-06
4.96954e-06
3.80352e-06
1.64472e-06
2.78465e-07
-1.58232e-06
-3.61446e-06
-4.83263e-06
-6.14766e-06
-7.99727e-06
-9.12137e-06
-9.65502e-06
-1.03349e-05
-1.13007e-05
-1.22655e-05
-1.26399e-05
-1.26399e-05
-1.28588e-05
-1.31326e-05
-1.31838e-05
-1.40434e-05
-1.44858e-05
-1.53109e-05
-1.65934e-05
-1.74986e-05
-1.89533e-05
-1.94339e-05
-2.07024e-05
-2.20602e-05
-2.25613e-05
-2.35923e-05
-2.4084e-05
