0.00361402
0.00228875
0.000305058
-0.000614984
-0.000216255
0.000916408
0.00141884
0.000902267
-2.93981e-05
-0.00042986
-0.000119379
0.000415274
0.000543021
9.76771e-06
-0.000694792
-0.00084023
-0.000202558
0.000595864
0.000805412
0.000219529
-0.000646263
-0.00098537
-0.000514088
0.000358621
0.00072547
0.000337775
-0.000269487
-0.000556302
-0.000370839
3.6045e-05
0.000168903
-0.000115413
-0.000564276
-0.000759114
-0.00049539
-0.000104601
0.000126014
-3.65395e-05
-0.000399914
-0.000523278
-0.000278645
6.61733e-05
0.000165829
-2.10311e-05
-0.000290264
-0.000322196
-0.000103781
8.23829e-05
0.000112026
-3.90681e-05
-0.000238806
-0.000337695
-0.000253797
-0.000141077
-6.57653e-05
2.93804e-05
-5.54482e-05
-0.000133581
-0.00013887
-0.000224192
-0.000292065
-0.000301268
-0.0002665
-0.000150711
8.62665e-05
0.000243215
0.000133883
-9.96031e-05
-0.00021908
-0.000141302
5.0813e-06
0.000138893
9.24738e-05
-4.29675e-05
-9.2159e-05
-2.01529e-05
0.00015873
0.000171361
2.67196e-05
-0.000150492
-0.000239101
-4.45712e-05
0.000281272
0.000400348
0.000246232
-4.66919e-05
-0.000252231
-0.000143515
0.000142834
0.000336205
0.000294746
0.000144923
5.68656e-05
3.5191e-05
0.000169069
0.000289196
0.000136613
-0.000123496
-0.00012539
0.000140956
0.000381939
0.000363174
4.67077e-05
-0.000220487
-0.000255588
-4.60055e-05
0.00018678
0.000204285
7.66236e-05
-0.000102271
-0.000222706
-0.000189974
-5.30006e-05
-1.89301e-05
-8.89339e-05
-0.000245692
-0.000318434
-0.000192182
-7.54893e-05
-9.60156e-05
-0.000349187
-0.000491119
-0.000321898
-0.000130218
-5.23487e-05
-9.27262e-05
-0.00014497
-0.000102562
1.13575e-05
8.22209e-05
0.000103638
0.0001366
0.000144452
0.000144063
0.000188602
0.000182314
0.000112717
9.5211e-05
6.05155e-05
2.11094e-05
6.79372e-05
0.000121996
6.51218e-05
-6.64257e-05
-0.000181172
-0.000194613
-4.92977e-05
6.68066e-05
5.82244e-05
-5.63394e-05
-9.12286e-05
-3.2152e-05
1.79224e-05
9.11402e-05
4.8236e-05
-1.71484e-05
3.37567e-05
0.000119589
0.000175277
0.000139158
-3.20012e-05
-0.000173225
-0.000148606
4.96805e-05
0.000271164
0.000230432
1.91545e-05
-0.000132733
-0.000135874
-5.78053e-05
5.65518e-05
0.000103128
-1.14981e-05
-6.99582e-05
5.09731e-05
0.000164486
0.000135071
1.66297e-05
-0.000125149
-0.000116794
7.50385e-05
0.000185425
0.000177657
3.14945e-05
-0.00013994
-0.000232599
-0.000199171
4.05591e-05
0.000162899
0.000115791
1.29165e-05
-8.1392e-05
-5.54482e-05
9.84864e-05
0.000171937
7.21142e-05
-5.99595e-05
-0.00011929
-5.78193e-05
9.50117e-05
0.000152376
8.09366e-05
-7.96355e-05
-0.000192794
-6.95642e-05
0.00016921
0.000297412
0.000192224
-3.41265e-05
-0.00019784
-0.000161213
7.31153e-05
0.000261504
0.000197641
-2.88999e-05
-0.000228861
-0.000203498
6.11274e-05
0.000267789
0.000164424
-0.000117976
-0.00026185
-0.000157249
9.0545e-05
0.000219229
0.00010359
-0.00013896
-0.000270281
-0.000109214
0.000224329
0.000383007
0.000178665
-0.00014078
-0.000245458
-0.000136165
0.00013506
0.000226364
4.68111e-05
-0.000212112
-0.000359982
-0.000150478
0.000145822
0.000266816
4.18723e-05
-0.00033894
-0.000401748
-9.10359e-05
0.000288995
0.000342874
7.04369e-05
-0.000302661
-0.000385617
-8.01617e-05
0.000215719
0.000194903
-0.000111784
-0.000325905
-0.000266951
3.61828e-05
0.00025093
7.22446e-05
-0.00030373
-0.000494931
-0.000263474
0.000123276
0.000346299
0.000250323
-8.73106e-05
-0.000336034
-0.000203659
0.000193235
0.000422064
0.000278027
-6.36531e-05
-0.000290036
-0.000138733
0.000269595
0.000444101
0.000228498
-0.000140833
-0.0003455
-0.000140891
0.000256946
0.000417776
0.00018929
-0.000145634
-0.000276041
-0.000133028
0.000172281
0.000302639
0.000174202
-7.26376e-05
-0.000195746
-3.92096e-05
0.000231429
0.00035358
0.000236849
8.50484e-06
-0.000137312
-9.32673e-05
