0.00167356
0.00140349
0.000877396
0.000486551
0.000386879
0.000489153
0.000567071
0.000522409
0.000407232
0.000327362
0.0003306
0.000333374
0.00020856
-4.30383e-05
-0.000246686
-0.000235441
-2.07098e-05
0.000202633
0.000247679
0.000109067
-0.000115714
-0.000281978
-0.000304222
-0.000237385
-0.000163822
-0.000134001
-0.00012974
-0.000106957
-9.10452e-05
-0.000137226
-0.000268936
-0.000426535
-0.000513901
-0.000486254
-0.000369675
-0.000227031
-0.000127753
-0.000111371
-0.00017563
-0.000286746
-0.000382887
-0.000414948
-0.000376351
-0.00028651
-0.000173253
-8.12737e-05
-4.70029e-05
-6.75013e-05
-8.57441e-05
-7.388e-05
-5.78081e-05
-5.4094e-05
-5.59492e-05
-3.11462e-05
4.14653e-05
0.00012773
0.000157919
0.000111765
2.487e-05
-3.1352e-05
-8.64081e-06
5.12237e-05
8.15252e-05
5.87245e-05
2.58945e-05
4.7409e-05
0.000101484
0.00011404
4.37852e-05
-8.63494e-05
-0.000193667
-0.000214385
-0.000159297
-9.08291e-05
-6.2882e-05
-8.94861e-05
-0.000133211
-0.000137316
-0.0001018
-6.71791e-05
-8.0145e-05
-0.000121908
-0.000113457
-3.10829e-05
7.49826e-05
0.000128606
9.68166e-05
7.93952e-06
-8.25226e-05
-0.000123728
-9.75253e-05
-4.85089e-05
-2.71155e-05
-3.07458e-05
-2.35485e-05
4.26546e-06
7.9181e-06
-3.78108e-05
-0.000111602
-0.000170826
-0.000167659
-8.72118e-05
4.30159e-05
0.000171631
0.000236303
0.000210931
0.000138665
7.36872e-05
4.29219e-05
6.52606e-05
0.000130041
0.000197274
0.000235733
0.000234722
0.000222913
0.000221396
0.000206479
0.000161667
9.40645e-05
5.10784e-05
9.13031e-05
0.000201135
0.000306518
0.000321154
0.000212152
6.16396e-05
-8.24407e-06
3.90559e-05
0.000144825
0.000218847
0.000227759
0.000215921
0.000233413
0.000257929
0.000234738
0.000136252
7.9954e-06
-6.12503e-05
-2.43289e-05
9.65688e-05
0.000209787
0.000222972
0.000125999
-1.25691e-05
-0.000111056
-0.000142236
-0.00014632
-0.000162461
-0.000179845
-0.000175498
-0.000143736
-0.000105953
-0.000101711
-0.000152017
-0.000242364
-0.000315624
-0.000311035
-0.000232146
-0.000140053
-0.000103857
-0.000140486
-0.000207572
-0.00026034
-0.000285052
-0.000292757
-0.000283652
-0.000252213
-0.000194869
-0.000119092
-5.22835e-05
-2.29208e-05
-5.4975e-05
-0.000123143
-0.000176969
-0.000184434
-0.000144873
-8.42856e-05
-1.05351e-05
5.61178e-05
7.74059e-05
4.09577e-05
-2.87676e-05
-8.46041e-05
-0.000105943
-9.15099e-05
-3.22545e-05
6.06487e-05
0.000154171
0.000203583
0.000191178
0.000134506
6.07148e-05
6.9607e-06
4.92763e-06
5.54137e-05
0.000124918
0.000178791
0.000199656
0.000182608
0.000135621
6.52364e-05
1.21351e-06
-3.00584e-05
-3.46042e-05
-1.0767e-05
3.41302e-05
7.13924e-05
7.96812e-05
4.12948e-05
-2.71397e-05
-9.00635e-05
-0.000126095
-0.000112787
-4.9226e-05
3.2533e-05
9.0085e-05
9.58126e-05
4.90984e-05
-8.75816e-06
-3.98997e-05
-4.34546e-05
-2.85655e-05
-1.234e-06
4.43179e-05
0.000108398
0.000162143
0.000167925
0.000108763
8.47969e-06
-7.53719e-05
-8.29576e-05
1.07288e-06
0.000127446
0.000217434
0.000230446
0.000190731
0.000142392
0.000116618
0.000112063
0.000100273
6.66967e-05
3.06666e-05
2.99271e-05
7.24848e-05
0.000110369
9.24198e-05
9.34023e-06
-8.91136e-05
-0.000138728
-0.000114591
-4.04408e-05
1.79596e-05
1.94516e-05
-2.24225e-05
-6.60429e-05
-8.19899e-05
-8.45725e-05
-0.000100852
-0.000129445
-0.000153147
-0.000149774
-0.000114559
-7.26301e-05
-7.00736e-05
-0.000121693
-0.000198263
-0.00025514
-0.00025232
-0.000196746
-0.000130004
-8.64416e-05
-8.24407e-05
-0.000101483
-0.000109059
-8.98037e-05
-5.46528e-05
-2.87341e-05
-2.91495e-05
-4.57363e-05
-4.44083e-05
-3.71877e-06
6.69304e-05
0.000124328
0.000128322
9.68352e-05
7.18022e-05
7.39926e-05
9.69507e-05
0.00011589
0.00011465
9.94084e-05
9.65334e-05
0.000124182
0.000165358
0.000179335
0.000147033
9.65958e-05
7.58516e-05
0.000107165
0.000169965
