0.132126
0.131169
0.129609
0.127616
0.124748
0.121348
0.117465
0.113117
0.108426
0.103154
0.0974831
0.0915481
0.0851579
0.0785733
0.0718021
0.064711
0.0575036
0.0501134
0.0426448
0.0352404
0.0275492
0.0199089
0.0125251
0.00485695
-0.00285789
-0.0103214
-0.0177644
-0.0250543
-0.0321637
-0.0390208
-0.045413
-0.0515359
-0.0573406
-0.0626668
-0.0676776
-0.0722743
-0.0764246
-0.0801911
-0.0834494
-0.0862996
-0.0886515
-0.090325
-0.091631
-0.0924895
-0.0926515
-0.0924126
-0.0917984
-0.0906887
-0.0892206
-0.0873062
-0.0850178
-0.0824484
-0.0793625
-0.0758845
-0.0721554
-0.0680496
-0.0636935
-0.0591353
-0.0543743
-0.0494855
-0.0443643
-0.039135
-0.0338485
-0.0283
-0.022671
-0.0170829
-0.0113506
-0.00557734
0.000137907
0.00581285
0.0113597
0.0168353
0.0220764
0.0269084
0.0315748
0.0360007
0.0399405
0.0435652
0.0469335
0.0499762
0.0526531
0.0548708
0.0567567
0.058305
0.0593162
0.0599855
0.0603404
0.0602747
0.0598847
0.0591909
0.0581677
0.0568103
0.0550367
0.0529904
0.0506708
0.0478949
0.0448242
0.0415223
0.0378888
0.0339405
0.0297738
0.0254318
0.0209418
0.0162418
0.0114311
0.00659895
0.00165673
-0.00334888
-0.00832072
-0.0133242
-0.018295
-0.0232
-0.0280208
-0.0326831
-0.037306
-0.041781
-0.0459987
-0.0500736
-0.0539605
-0.057564
-0.0608913
-0.0639216
-0.0666472
-0.0690438
-0.0710638
-0.0727355
-0.0740625
-0.0749655
-0.0754679
-0.0755919
-0.0753063
-0.0746005
-0.0734736
-0.0719673
-0.0700764
-0.0677443
-0.0650569
-0.0620426
-0.0586211
-0.0548641
-0.050816
-0.0464307
-0.04174
-0.0367584
-0.0315535
-0.0261601
-0.0205725
-0.0148671
-0.00911107
-0.00330533
0.00254517
0.00839532
0.014197
0.0199388
0.0256312
0.0311969
0.0366275
0.0419329
0.0470701
0.0519525
0.0566334
0.0610907
0.0652386
0.0690934
0.0726612
0.0759465
0.0788865
0.0814451
0.0836542
0.0854237
0.0867194
0.0875508
0.0878285
0.0876558
0.0870219
0.0858764
0.0843525
0.0824878
0.0802534
0.0777247
0.0748954
0.0716903
0.0682213
0.0645344
0.0605667
0.056402
0.0520184
0.0474904
0.0428493
0.0380235
0.0330909
0.028089
0.0229901
0.0178723
0.012686
0.00743205
0.00225178
-0.00290164
-0.00800877
-0.012951
-0.0177726
-0.0224209
-0.0267919
-0.0309711
-0.0349526
-0.0386528
-0.0420736
-0.0452413
-0.0481303
-0.0507416
-0.0530317
-0.0550004
-0.0566847
-0.0580222
-0.0590197
-0.0596936
-0.0600007
-0.060033
-0.0597662
-0.0591947
-0.0583865
-0.0572692
-0.0558953
-0.0543447
-0.0524645
-0.0503142
-0.0480339
-0.0455558
-0.0428898
-0.0400862
-0.0371422
-0.0341178
-0.0309953
-0.0277401
-0.0244265
-0.0210213
-0.0175408
-0.0140501
-0.0104782
-0.00688986
-0.00331085
0.000244437
0.0036761
0.00708467
0.0103955
0.0134389
0.0163642
0.0191679
0.0217225
0.0240959
0.0262652
0.0282329
0.0300401
0.0315732
0.0329096
0.0340408
0.0348823
0.0355547
0.0360077
0.0361888
0.0362235
0.0360363
0.0356457
0.0351271
0.0342923
0.0332331
0.0320319
0.0304822
0.0287163
0.0268107
0.02467
0.022419
0.0200184
0.0174622
0.0148774
0.0121543
0.00934763
0.00652956
0.00361989
0.000704465
-0.00221664
-0.00516921
-0.00806889
-0.0109564
-0.0138091
-0.0165239
-0.0192013
-0.0218179
-0.0242847
-0.0266533
-0.0289156
-0.031028
-0.0330177
-0.0347889
-0.0363813
-0.037831
-0.039015
-0.0399983
-0.0407977
-0.0413263
