0.00239545
0.00236496
0.00233018
0.00229743
0.00225586
0.0022041
0.00213847
0.00207645
0.00201783
0.00195253
0.00187475
0.00179155
0.00171018
0.00162385
0.00152838
0.00142665
0.00132731
0.00123066
0.00113322
0.00103683
0.000941223
0.00084964
0.000760876
0.000670944
0.000581895
0.000493233
0.000407093
0.000322572
0.000237666
0.00015637
7.63424e-05
-1.05053e-06
-7.16606e-05
-0.000140589
-0.00020492
-0.00026558
-0.000324052
-0.000380187
-0.000434629
-0.000488638
-0.000543484
-0.000594669
-0.000645633
-0.000692706
-0.000738137
-0.000781412
-0.000820019
-0.000856289
-0.000890865
-0.000926013
-0.000961832
-0.00099163
-0.00102268
-0.00105438
-0.00108263
-0.00111193
-0.001135
-0.0011569
-0.00117949
-0.00119829
-0.0012123
-0.00122142
-0.00123196
-0.00124312
-0.00125188
-0.00125343
-0.00125526
-0.00126158
-0.00126583
-0.00126636
-0.00126188
-0.00126221
-0.001263
-0.00124901
-0.0012317
-0.00121555
-0.00120159
-0.00118726
-0.00116808
-0.0011504
-0.00113699
-0.00112311
-0.00110444
-0.00108131
-0.00105811
-0.00103375
-0.00100593
-0.000975246
-0.000944719
-0.000913743
-0.000884192
-0.000852481
-0.000820532
-0.000789019
-0.000754981
-0.000720069
-0.000682413
-0.000641856
-0.000600899
-0.000557604
-0.000512532
-0.00046775
-0.000420072
-0.000371899
-0.000325681
-0.000276185
-0.000226283
-0.000176322
-0.000125151
-7.1751e-05
-1.61799e-05
3.88836e-05
9.62457e-05
0.000153577
0.000211352
0.000267885
0.000322339
0.000376202
0.000428727
0.000481828
0.000532091
0.000581902
0.000630771
0.000677222
0.000723409
0.00076542
0.000806177
0.000842834
0.00087714
0.000907809
0.000933229
0.000954773
0.000972716
0.000987842
0.000999016
0.00100761
0.00101412
0.00101683
0.00101499
0.00101018
0.00100229
0.000988326
0.00097085
0.000950385
0.000925558
0.000899615
0.000870596
0.000837957
0.000805569
0.000771579
0.000736599
0.000699413
0.000659951
0.000619981
0.00057859
0.000536854
0.000495028
0.000452778
0.000411263
0.000371803
0.000332049
0.000293527
0.000257419
0.00022202
0.0001889
0.000154892
0.000122827
9.27495e-05
6.27656e-05
3.63095e-05
9.84594e-06
-1.47875e-05
-3.60133e-05
-5.57778e-05
-7.43093e-05
-8.91387e-05
-0.000102729
-0.000115189
-0.000125932
-0.00013651
-0.000145221
-0.000153639
-0.000160843
-0.000167576
-0.000173374
-0.000177523
-0.000181906
-0.000184283
-0.000184772
-0.000184869
-0.000185112
-0.000184625
-0.000186227
-0.000188021
-0.000188955
-0.000189872
-0.000190943
-0.000193339
-0.000193696
-0.000192301
-0.00019138
-0.000189957
-0.000189042
-0.000186691
-0.000184474
-0.000183914
-0.000183283
-0.000183995
-0.000183069
-0.000183783
-0.000184264
-0.000184067
-0.000183497
-0.000180519
-0.000179438
-0.000178043
-0.000176312
-0.000175739
-0.000174438
-0.000175998
-0.000177981
-0.000178561
-0.000181017
-0.000181643
-0.000182097
-0.000182048
-0.000180794
-0.000179617
-0.000178188
-0.000177562
-0.000177883
-0.000178469
-0.000179189
-0.000180597
-0.000181104
-0.00018189
-0.00018076
-0.000177223
-0.000173656
-0.000169929
-0.000165234
-0.000161072
-0.000155606
-0.000150808
-0.000147382
-0.000142223
-0.000136976
-0.000131791
-0.000125348
-0.000117457
-0.000108969
-0.000100854
-9.14671e-05
-8.13929e-05
-7.09668e-05
-6.06468e-05
-5.03128e-05
-4.04408e-05
-2.90927e-05
-1.84346e-05
-9.34675e-06
1.32341e-06
1.22301e-05
2.18702e-05
3.33255e-05
4.40814e-05
5.47385e-05
6.36848e-05
7.18068e-05
8.04886e-05
8.66568e-05
9.05814e-05
9.51821e-05
9.72776e-05
9.93293e-05
0.000101431
0.000102414
0.000103169
0.000103686
0.000103526
0.000100845
9.81409e-05
9.51272e-05
8.99965e-05
8.41906e-05
7.88616e-05
7.25128e-05
6.61919e-05
6.07884e-05
5.38463e-05
4.72376e-05
4.16758e-05
3.53912e-05
2.8396e-05
2.24141e-05
1.58018e-05
8.59704e-06
4.2785e-06
-4.20958e-07
-5.27874e-06
