0.533862
0.493501
0.44807
0.42971
0.383669
0.33478
0.321578
0.316735
0.291911
0.271435
0.255395
0.220426
0.181146
0.14756
0.119544
0.092147
0.0552664
0.0100196
-0.042128
-0.0922826
-0.137243
-0.17383
-0.188926
-0.192521
-0.191554
-0.18618
-0.193434
-0.214386
-0.236942
-0.259602
-0.280907
-0.287157
-0.279127
-0.276646
-0.270403
-0.251676
-0.241227
-0.23707
-0.218854
-0.191106
-0.170143
-0.149072
-0.12415
-0.113308
-0.113532
-0.111028
-0.104517
-0.0927904
-0.0749722
-0.0494229
-0.0199621
0.0044537
0.0204332
0.0302279
0.0362635
0.0367352
0.0379513
0.0455146
0.0509786
0.0527163
0.0553396
0.0561981
0.0533633
0.052705
0.0563031
0.0584202
0.0625111
0.0695408
0.0689763
0.0609266
0.050812
0.0395838
0.0282048
0.020341
0.0188893
0.0201598
0.0228929
0.026194
0.0284277
0.0280779
0.022798
0.0189079
0.0195149
0.0193521
0.0174914
0.0180251
0.0197721
0.0167033
0.0138159
0.0148945
0.0134035
0.0129605
0.0189124
0.0241695
0.0251474
0.0257666
0.0244805
0.0190833
0.0143639
0.0119421
0.00945042
0.00911259
0.0122826
0.0144226
0.0127024
0.00892778
0.0048848
0.00121916
-0.00132547
-0.000802193
0.00207213
0.00425194
0.00536003
0.00539464
0.00416532
0.000227625
-0.00496195
-0.00534336
-0.00314045
-0.00380742
-0.00409111
-0.0029739
-0.00603178
-0.0117767
-0.0145138
-0.0164475
-0.0193969
-0.0203799
-0.0205738
-0.0233555
-0.0298832
-0.0397648
-0.0502836
-0.0594018
-0.0668841
-0.0717098
-0.0729934
-0.0744062
-0.0789743
-0.0832571
-0.0894472
-0.100363
-0.109687
-0.115695
-0.12179
-0.126113
-0.126715
-0.130178
-0.135581
-0.134419
-0.131758
-0.129251
-0.120701
-0.109583
-0.100169
-0.0916034
-0.083715
-0.0798267
-0.0770599
-0.0689925
-0.0564516
-0.0382554
-0.0171891
0.00486194
0.0297292
0.0514807
0.0705692
0.0887475
0.105341
0.121225
0.137082
0.157167
0.172568
0.179705
0.192005
0.20772
0.21737
0.227771
0.249664
0.264386
0.26354
0.27349
0.277158
0.253254
0.233073
0.22264
0.203579
0.183644
0.173826
0.16271
0.143304
0.127286
0.11119
0.090299
0.069618
0.0475268
0.0272245
0.00729442
-0.0166436
-0.0435226
-0.0693714
-0.0882396
-0.106173
-0.120658
-0.125288
-0.132527
-0.140809
-0.143112
-0.149949
-0.162401
-0.168599
-0.169826
-0.175475
-0.174313
-0.164515
-0.163837
-0.162538
-0.149109
-0.137343
-0.131338
-0.118353
-0.0994819
-0.0876652
-0.0784037
-0.0651274
-0.0550909
-0.0492346
-0.0411665
-0.0285103
-0.0154493
-0.00657472
0.00358154
0.0162342
0.0253198
0.0323177
0.0400079
0.0471463
0.0509399
0.0543961
0.0583042
0.0574109
0.0548449
0.0535563
0.0527802
0.0515088
0.0509464
0.0518873
0.0491338
0.0466255
0.0468887
0.04287
0.0370223
0.0339931
0.0308877
0.0245247
0.0185666
0.0142258
0.00768828
0.0034361
0.00351389
0.00414686
0.00567667
0.00762787
0.00859664
0.00914686
0.00844272
0.00510983
0.00307117
0.00393468
0.00289788
0.00210097
0.00373231
0.00217577
9.35048e-06
0.00171229
0.00324327
0.0051435
0.0089849
0.0119124
0.0125067
0.0103866
0.00565253
-0.0006915
-0.00577273
-0.00902284
-0.010402
-0.00945582
-0.00956875
-0.0101823
-0.0108708
-0.0135566
-0.0163591
-0.018999
-0.0206046
-0.0211309
-0.0228631
-0.0249392
-0.0281063
-0.0332074
-0.0373349
