0.772867
0.732128
0.640184
0.522722
0.403295
0.316349
0.26294
0.241936
0.245861
0.255387
0.264343
0.259344
0.231791
0.185102
0.121186
0.049338
-0.0232645
-0.0935236
-0.150861
-0.18965
-0.205046
-0.184787
-0.139062
-0.0853807
-0.0336888
-0.00419096
-0.00405069
-0.0265545
-0.0651749
-0.102964
-0.131717
-0.14854
-0.14754
-0.134028
-0.114989
-0.0974752
-0.0885155
-0.0887781
-0.0991477
-0.115883
-0.134208
-0.15837
-0.18764
-0.219101
-0.252328
-0.279873
-0.296381
-0.301315
-0.295747
-0.286692
-0.276939
-0.266692
-0.259938
-0.254606
-0.24769
-0.238897
-0.226035
-0.21051
-0.1917
-0.169502
-0.148567
-0.125672
-0.0981335
-0.0658687
-0.0253342
0.0193566
0.0629024
0.0997168
0.123327
0.13646
0.140854
0.139777
0.141285
0.146277
0.155503
0.168808
0.183066
0.198159
0.209563
0.214065
0.215659
0.213182
0.207145
0.200346
0.190712
0.179327
0.166809
0.155908
0.152487
0.15594
0.165825
0.179612
0.188984
0.190982
0.184181
0.168146
0.146244
0.121131
0.0971602
0.0793856
0.0646494
0.0522007
0.0413635
0.0250741
0.00402563
-0.0210397
-0.0484943
-0.073054
-0.0980437
-0.122363
-0.146058
-0.173972
-0.201144
-0.226907
-0.249437
-0.263861
-0.271843
-0.271587
-0.264859
-0.256567
-0.245726
-0.237103
-0.234184
-0.232546
-0.231477
-0.228199
-0.220651
-0.211621
-0.198391
-0.181084
-0.161636
-0.13506
-0.105561
-0.0785124
-0.0571926
-0.0488189
-0.0525892
-0.0662326
-0.0863942
-0.103132
-0.112915
-0.110859
-0.0929067
-0.0670653
-0.0398517
-0.0187677
-0.0124421
-0.0180101
-0.0330696
-0.052627
-0.0651939
-0.0709641
-0.0687827
-0.05332
-0.0256331
0.0160954
0.0702482
0.128765
0.18651
0.233727
0.26358
0.277876
0.275029
0.262829
0.25461
0.25874
0.287817
0.339292
0.398585
0.453003
0.477897
0.467199
0.431378
0.374703
0.313067
0.256544
0.206308
0.167695
0.137356
0.114806
0.0999034
0.0858399
0.0720888
0.057842
0.041434
0.0226921
-0.0031127
-0.0368421
-0.0744149
-0.111972
-0.137238
-0.142511
-0.131086
-0.104862
-0.0729023
-0.0471487
-0.0309101
-0.0271682
-0.0340801
-0.0468081
-0.0639043
-0.079269
-0.0891243
-0.0946042
-0.0966105
-0.0976804
-0.0988378
-0.10077
-0.103461
-0.103925
-0.105381
-0.111395
-0.122361
-0.140781
-0.163069
-0.183742
-0.200234
-0.208728
-0.209701
-0.204985
-0.194183
-0.181191
-0.168908
-0.156758
-0.145472
-0.1348
-0.123537
-0.110804
-0.0960434
-0.0821789
-0.0691542
-0.0550268
-0.0399179
-0.0198329
0.00510919
0.0326257
0.0619549
0.085964
0.103375
0.11481
0.118343
0.119343
0.119918
0.12045
0.123464
0.127983
0.13422
0.139947
0.142539
0.143545
0.14284
0.140755
0.139412
0.137733
0.134741
0.129529
0.120861
0.112567
0.106853
0.103441
0.105187
0.108539
0.109955
0.109766
0.10467
0.0951913
0.0826265
0.0676946
0.0547989
0.0434572
0.0331843
0.0249181
0.0136184
-0.00228265
-0.0218567
-0.0442938
-0.0642611
-0.0810556
-0.0948614
-0.103828
-0.112996
-0.123392
-0.134385
-0.148
-0.160922
-0.172155
-0.180567
-0.183037
-0.181571
-0.175387
-0.16547
-0.157321
-0.149332
-0.141406
-0.134536
-0.126386
-0.118975
-0.112819
-0.10664
-0.102701
