0.235856
0.148168
0.0530891
0.0628892
0.0751432
0.0683924
0.0821463
0.0974683
0.109707
0.120067
0.0877786
0.0335664
0.0136233
0.0245941
0.0362511
0.0530773
0.0718236
0.0569168
0.0195793
-0.000770011
-0.0032085
-0.00896376
-0.012977
-0.00397189
0.0100855
0.0214203
0.0142655
-0.0185694
-0.0437362
-0.032249
-0.0126293
-0.0116545
-0.0146066
-0.00774261
-0.000804874
-0.0099778
-0.0306722
-0.0392177
-0.0265387
-0.0114244
-0.00546389
-0.00769958
-0.0135397
-0.0134046
-0.0143056
-0.0187051
-0.0192487
-0.0156051
-0.0127691
-0.0130473
-0.0151372
-0.0200672
-0.0237706
-0.0223988
-0.0189938
-0.0200526
-0.0233288
-0.025777
-0.031793
-0.0397324
-0.037294
-0.0293659
-0.034843
-0.0407396
-0.0305461
-0.0285447
-0.0408724
-0.0480166
-0.0536895
-0.0559385
-0.0445941
-0.0349684
-0.0362925
-0.036305
-0.0344669
-0.043167
-0.0526885
-0.0502104
-0.0416045
-0.0320401
-0.0262702
-0.0283984
-0.0310484
-0.0303902
-0.0370764
-0.0497195
-0.0402337
-0.0144787
-0.0122401
-0.0278564
-0.0274743
-0.0177033
-0.022728
-0.0357812
-0.0398117
-0.0254449
-0.012733
-0.0175824
-0.0213727
-0.0164697
-0.0193542
-0.032045
-0.0378069
-0.0302529
-0.0180101
-0.0134824
-0.0191635
-0.0196115
-0.011591
-0.0173298
-0.036205
-0.0345299
-0.0128308
-0.00480312
-0.00887575
-0.00677902
-0.00261298
-0.00073914
-0.000881991
-0.00369204
-0.0023525
0.00658861
0.0153257
0.0159034
0.018199
0.0294299
0.0314163
0.0211781
0.0252489
0.0395951
0.0399352
0.0349273
0.0440735
0.0542708
0.0525419
0.0487768
0.0406172
0.0365165
0.0532187
0.0655647
0.0540979
0.0487066
0.0576372
0.0592028
0.0507137
0.0399465
0.0402856
0.053333
0.0592442
0.0488985
0.0383145
0.0396092
0.0379792
0.0324972
0.0323685
0.0318375
0.0284611
0.0275759
0.0243868
0.0207854
0.0221781
0.0167558
0.0108797
0.0181111
0.021356
0.00999731
-0.000605543
0.00240165
0.00852322
0.00755611
0.00478701
0.00533316
0.00498665
0.00495027
0.0016725
-0.00867574
-0.0120904
-0.00137997
0.0145852
0.0175196
0.00343753
-0.007332
-0.00631462
-0.0078945
-0.0109319
-0.00526239
0.00737306
0.0158133
0.00834889
-0.00755197
-0.0165143
-0.0166283
-0.0162659
-0.0115805
0.00342252
0.0120087
0.000749719
-0.0174552
-0.0270452
-0.0271431
-0.0220954
-0.0187762
-0.0144129
-0.00201283
0.00313612
-0.0121614
-0.0322331
-0.0395313
-0.0359156
-0.0244939
-0.0110848
-0.00671233
-0.00950334
-0.015067
-0.0268394
-0.036932
-0.0352878
-0.0272673
-0.0194955
-0.00985728
-0.00292584
-0.00652949
-0.0239542
-0.0394784
-0.0361331
-0.0215517
-0.01099
-0.00750972
-0.00848702
-0.0128158
-0.0129251
-0.0180537
-0.0328505
-0.0314862
-0.00923807
0.00373312
-0.00590105
-0.0143036
-0.0132176
-0.0159327
-0.019437
-0.0203594
-0.0200098
-0.0101033
0.00216773
-0.00575456
-0.0191134
-0.0156048
-0.0148471
-0.022237
-0.0161235
-0.00579127
-0.00566707
-0.00451318
-0.00647035
-0.0155851
-0.015425
-0.0109076
-0.0071863
0.0012142
0.00626419
0.00248794
-0.0052359
-0.00916248
-0.00444793
3.38908e-05
0.00110276
0.00809884
0.0167096
0.0160631
0.00716807
-0.00307987
-0.0068831
0.00464169
0.0223826
0.0247373
0.0189209
0.0218915
0.0208286
0.00894201
0.000826334
0.00334435
0.015043
0.0293111
0.03416
0.0257743
0.0157558
0.0100001
0.00500649
0.00509085
0.0161425
0.0271729
0.0276482
0.0256729
0.0207323
0.00484245
-0.00702646
0.00331101
0.0187435
0.0215686
