0.330473
0.320641
0.305575
0.290863
0.277989
0.269606
0.262848
0.255198
0.242545
0.222212
0.196663
0.170094
0.1444
0.124068
0.104312
0.0858278
0.0644325
0.0399769
0.0170175
-0.00668602
-0.0263315
-0.0401818
-0.0548751
-0.0736865
-0.0913192
-0.10763
-0.120593
-0.130316
-0.135815
-0.1373
-0.1398
-0.143608
-0.150127
-0.156349
-0.159473
-0.157852
-0.151264
-0.141932
-0.134142
-0.126258
-0.120189
-0.117834
-0.112679
-0.104733
-0.0947743
-0.0840698
-0.0726481
-0.061602
-0.0523165
-0.0446298
-0.0367236
-0.0282609
-0.0201896
-0.0125585
-0.00640179
-0.000245016
0.00429512
0.00974402
0.0162665
0.0208484
0.0246724
0.0279157
0.0283089
0.0257303
0.0235387
0.0220328
0.0220224
0.0226274
0.023725
0.0237551
0.0208937
0.0154239
0.00861136
0.00320779
-0.00122386
-0.00369382
-0.00432697
-0.00494358
-0.00714955
-0.0094088
-0.013101
-0.0187753
-0.0225449
-0.0245831
-0.0246198
-0.0242734
-0.023511
-0.0230173
-0.0227353
-0.0222761
-0.021474
-0.0204326
-0.0196679
-0.0192407
-0.0181162
-0.0153754
-0.0133051
-0.00933468
-0.00452251
-0.00096581
0.00169454
0.00357372
0.00381519
0.00318008
0.00430033
0.0070958
0.0113565
0.0147173
0.0160498
0.0154734
0.0141066
0.0121595
0.0106074
0.0100659
0.00921599
0.00809338
0.00725173
0.00541516
0.00173793
-0.000182841
-0.00169168
-0.00416134
-0.00695183
-0.0105423
-0.0142339
-0.0175941
-0.019775
-0.0197944
-0.0181634
-0.0171584
-0.0182175
-0.0208146
-0.0234245
-0.0263074
-0.0269651
-0.0244933
-0.0209507
-0.0163008
-0.0124122
-0.0117572
-0.012907
-0.0131683
-0.0121661
-0.00942253
-0.00506706
-0.000159266
0.00393054
0.00600776
0.00644805
0.00684817
0.00812202
0.00939657
0.0109667
0.012717
0.0135618
0.0128724
0.0118321
0.0103448
0.00891948
0.00851438
0.00743529
0.00418876
-0.000782128
-0.00587502
-0.0106111
-0.0149265
-0.018848
-0.0220981
-0.0257217
-0.0311497
-0.0382078
-0.045369
-0.0525951
-0.0595728
-0.0642555
-0.0675872
-0.0708965
-0.0747462
-0.0799034
-0.085732
-0.0908578
-0.094156
-0.095682
-0.0966304
-0.0964362
-0.0945127
-0.0925287
-0.0912153
-0.0902715
-0.087077
-0.0813405
-0.0749171
-0.067136
-0.0583674
-0.0501122
-0.0414235
-0.0310793
-0.0194788
-0.00648563
0.00721696
0.021174
0.0341209
0.0461089
0.0584532
0.0712311
0.084772
0.099704
0.115077
0.128523
0.138299
0.14541
0.153264
0.160801
0.167777
0.175478
0.181702
0.185534
0.186095
0.183918
0.180127
0.174977
0.170307
0.166447
0.160605
0.153054
0.143718
0.132732
0.121102
0.109093
0.0981984
0.0867146
0.0735648
0.0604381
0.0480296
0.0352874
0.0229998
0.0117595
0.00126823
-0.00928074
-0.0199409
-0.030321
-0.0404806
-0.0497346
-0.0570063
-0.0621362
-0.0668513
-0.0713484
-0.075544
-0.0796024
-0.0836937
-0.0863949
-0.0869799
-0.0865641
-0.0859736
-0.0841445
-0.0813043
-0.0791376
-0.076808
-0.0740326
-0.0707877
-0.0670826
-0.0627073
-0.057566
-0.0521491
-0.047418
-0.0422908
-0.0369064
-0.0325665
-0.0282983
-0.023951
-0.019169
-0.0146517
-0.0101348
-0.00555661
-0.00226596
0.000216723
0.0033354
0.00628168
0.00883967
0.0107709
0.0118954
0.013003
0.0124883
0.012078
0.0126769
0.012755
0.0129278
0.0132685
0.0123237
0.00978025
0.00626204
0.00354709
0.00212459
0.000951743
0.000992245
0.000222461
-0.00169267
-0.00434948
-0.00766471
-0.0099581
