5.9044e-05
3.03928e-05
1.70553e-05
3.95095e-05
3.70285e-05
1.73356e-05
2.3202e-05
3.68552e-05
2.61329e-05
1.43666e-05
2.70801e-05
3.45539e-05
1.4917e-05
1.00406e-05
2.87145e-05
2.07918e-05
1.77789e-06
1.29687e-05
2.12854e-05
3.55206e-06
-4.96395e-07
1.36867e-05
8.2301e-06
-7.14324e-06
-2.29664e-06
7.16001e-06
-3.17395e-06
-1.23186e-05
-4.90807e-07
3.46918e-06
-1.34939e-05
-1.40639e-05
-1.3439e-06
-8.75723e-06
-2.21189e-05
-1.27871e-05
-5.76302e-06
-1.88826e-05
-2.15489e-05
-9.49204e-06
-1.13109e-05
-2.25902e-05
-1.78861e-05
-7.86409e-06
-1.61286e-05
-2.42731e-05
-1.47047e-05
-1.09281e-05
-2.13021e-05
-2.02181e-05
-9.29646e-06
-1.42893e-05
-2.14055e-05
-1.35228e-05
-8.34651e-06
-1.57263e-05
-1.68607e-05
-7.08364e-06
-6.47083e-06
-1.428e-05
-9.91113e-06
-2.129e-06
-8.08295e-06
-1.1133e-05
-1.62423e-06
3.08268e-07
-6.10016e-06
-3.4254e-06
3.2559e-06
2.01166e-06
-2.06102e-06
3.55113e-06
8.63988e-06
2.18675e-06
1.04215e-06
9.34489e-06
8.61939e-06
2.00421e-06
6.88806e-06
1.13556e-05
6.92252e-06
6.1132e-06
9.93721e-06
1.21193e-05
8.12858e-06
8.03266e-06
1.3507e-05
1.14283e-05
5.46407e-06
1.07633e-05
1.40555e-05
7.86129e-06
7.78586e-06
1.29854e-05
1.08192e-05
7.66199e-06
1.04634e-05
1.15186e-05
9.76399e-06
7.89855e-06
9.94653e-06
1.11358e-05
6.55279e-06
6.56303e-06
1.03163e-05
8.07643e-06
4.76278e-06
7.78213e-06
8.3195e-06
4.60166e-06
5.00493e-06
6.49039e-06
5.27687e-06
2.76882e-06
3.85661e-06
5.63171e-06
3.60049e-06
1.69035e-06
3.27919e-06
3.27267e-06
3.36207e-07
-1.30385e-07
1.90362e-06
5.01983e-07
-1.2815e-06
5.45755e-07
1.8971e-06
-9.20147e-07
-2.16905e-06
8.6613e-07
3.74392e-07
-2.87499e-06
-2.04425e-06
-6.51926e-09
-1.27964e-06
-2.65334e-06
-7.32951e-07
-3.83705e-07
-2.15787e-06
-2.21096e-06
-1.59722e-06
-1.16602e-06
-2.71946e-06
-2.29198e-06
-6.45407e-07
-1.88872e-06
-3.42075e-06
-9.76957e-07
-1.64844e-06
-4.66965e-06
-2.66638e-06
-2.00327e-06
-4.28874e-06
-4.05405e-06
-3.54182e-06
-3.16557e-06
-3.05753e-06
-4.35952e-06
-3.12831e-06
-3.25963e-06
-6.64219e-06
-5.01331e-06
-3.51947e-06
-7.06781e-06
-6.81169e-06
-3.70853e-06
-6.44196e-06
-6.699e-06
-4.13228e-06
-6.19236e-06
-6.52671e-06
-6.75954e-06
-6.57886e-06
-5.4799e-06
-6.64126e-06
-7.11158e-06
-5.42682e-06
-6.60121e-06
-7.80355e-06
-4.83729e-06
-5.93811e-06
-7.26059e-06
-5.35883e-06
-4.90528e-06
-5.46128e-06
-4.80842e-06
-4.13507e-06
-5.10924e-06
-4.50667e-06
-3.76068e-06
-4.34089e-06
-3.78862e-06
-4.28967e-06
-3.44496e-06
-1.3141e-06
-2.02749e-06
-2.22586e-06
-4.82425e-07
-1.06823e-06
-3.41795e-07
1.84216e-06
1.15018e-06
1.05333e-06
2.27522e-06
2.45962e-06
3.18419e-06
3.45241e-06
3.04263e-06
4.66686e-06
5.80959e-06
5.64381e-06
6.95232e-06
7.31181e-06
6.82008e-06
8.45734e-06
9.13255e-06
7.87806e-06
8.39029e-06
8.91462e-06
8.80565e-06
9.37283e-06
9.21823e-06
9.77796e-06
9.574e-06
8.53837e-06
9.56841e-06
9.74908e-06
8.23569e-06
8.99006e-06
9.0478e-06
7.38259e-06
7.85943e-06
7.87433e-06
5.65406e-06
5.75837e-06
4.93508e-06
3.50736e-06
4.08292e-06
2.23238e-06
1.6233e-06
2.18302e-06
9.87202e-08
-5.81145e-07
-4.74975e-07
-2.4233e-06
-3.66103e-06
-3.20189e-06
-4.98537e-06
-6.08712e-06
-6.04615e-06
-7.31088e-06
-7.27084e-06
-7.75792e-06
-9.23034e-06
-9.42405e-06
-9.60287e-06
-1.16685e-05
-1.19554e-05
-1.15428e-05
-1.30367e-05
-1.29528e-05
-1.23736e-05
-1.38544e-05
-1.38441e-05
-1.30571e-05
-1.35452e-05
-1.39708e-05
-1.42092e-05
-1.40751e-05
-1.33915e-05
-1.329e-05
-1.31633e-05
-1.18231e-05
-1.15577e-05
-1.20979e-05
-1.00629e-05
-9.31695e-06
-1.08667e-05
-9.05897e-06
-7.52416e-06
-7.78399e-06
-6.74184e-06
-5.50319e-06
-5.09806e-06
-3.9516e-06
-3.25311e-06
-2.5034e-06
-1.61957e-06
-1.40816e-06
2.92435e-07
1.92691e-06
9.03383e-07
1.87196e-06
4.16022e-06
3.77279e-06
3.76813e-06
5.16325e-06
5.34113e-06
6.01355e-06
7.13859e-06
