9.71705e-05
9.01669e-05
8.72295e-05
8.55196e-05
8.01794e-05
7.64867e-05
7.09193e-05
6.55027e-05
5.97751e-05
5.38621e-05
4.69266e-05
4.03794e-05
3.40259e-05
2.74424e-05
2.11764e-05
1.50278e-05
9.15397e-06
3.11807e-06
-2.50433e-06
-6.90762e-06
-1.19302e-05
-1.60746e-05
-1.91601e-05
-2.26414e-05
-2.50833e-05
-2.74982e-05
-2.91429e-05
-3.03639e-05
-3.1217e-05
-3.1827e-05
-3.24389e-05
-3.26866e-05
-3.17674e-05
-3.03956e-05
-2.94922e-05
-2.80319e-05
-2.64021e-05
-2.45403e-05
-2.29394e-05
-2.11522e-05
-2.00374e-05
-1.8362e-05
-1.5636e-05
-1.38348e-05
-1.24108e-05
-1.08611e-05
-9.41195e-06
-7.62939e-06
-4.99841e-06
-3.92925e-06
-2.09641e-06
-2.36556e-07
1.08778e-06
2.97837e-06
4.63706e-06
5.75837e-06
7.24196e-06
9.51346e-06
1.09747e-05
1.16415e-05
1.37025e-05
1.46627e-05
1.50204e-05
1.62693e-05
1.56006e-05
1.59889e-05
1.64285e-05
1.52318e-05
1.46553e-05
1.44262e-05
1.35908e-05
1.22152e-05
1.1282e-05
9.62894e-06
7.97771e-06
5.96046e-06
3.62098e-06
2.35066e-06
-6.66827e-07
-2.83029e-06
-4.39677e-06
-7.23172e-06
-9.70252e-06
-1.2151e-05
-1.39326e-05
-1.51414e-05
-1.6219e-05
-1.7642e-05
-1.8904e-05
-1.9962e-05
-2.03829e-05
-2.08318e-05
-2.09836e-05
-1.97738e-05
-1.90726e-05
-1.81487e-05
-1.65524e-05
-1.52951e-05
-1.3859e-05
-1.17347e-05
-1.00303e-05
-8.33534e-06
-5.61401e-06
-4.24124e-06
-3.04822e-06
-8.13976e-07
-1.75089e-07
1.2368e-06
3.17954e-06
3.71877e-06
4.60818e-06
5.07943e-06
5.74533e-06
5.75744e-06
5.70249e-06
5.13252e-06
4.28502e-06
3.52412e-06
1.8198e-06
6.80797e-07
-8.31671e-07
-2.31154e-06
-3.85288e-06
-5.57303e-06
-7.5046e-06
-1.0184e-05
-1.26604e-05
-1.41384e-05
-1.60672e-05
-1.84262e-05
-2.04043e-05
-2.17417e-05
-2.36565e-05
-2.60863e-05
-2.70726e-05
-2.82591e-05
-2.92966e-05
-3.0308e-05
-3.07476e-05
-3.1448e-05
-3.20794e-05
-3.21595e-05
-3.26606e-05
-3.24436e-05
-3.21157e-05
-3.13921e-05
-3.03499e-05
-2.90684e-05
-2.84305e-05
-2.69022e-05
-2.47965e-05
-2.37208e-05
-2.20388e-05
-2.00626e-05
-1.79252e-05
-1.64267e-05
-1.36876e-05
-1.14292e-05
-9.86457e-06
-7.55768e-06
-5.15487e-06
-3.21679e-06
-1.42399e-06
8.78237e-07
2.9644e-06
5.52088e-06
7.31368e-06
9.13814e-06
1.08574e-05
1.20709e-05
1.35507e-05
1.51303e-05
1.65412e-05
1.75191e-05
1.93389e-05
2.03326e-05
2.05645e-05
2.13664e-05
2.16393e-05
2.2551e-05
2.30195e-05
2.32244e-05
2.37934e-05
2.37711e-05
2.39341e-05
2.33231e-05
2.2457e-05
2.20258e-05
2.13673e-05
2.05766e-05
1.90316e-05
1.77119e-05
1.66725e-05
1.52467e-05
1.37752e-05
1.21975e-05
1.08341e-05
9.3542e-06
7.97398e-06
6.34976e-06
4.85219e-06
3.48128e-06
1.9595e-06
3.29688e-07
-7.08736e-07
-2.33483e-06
-4.02052e-06
-4.27105e-06
-5.02914e-06
-5.84964e-06
-6.26501e-06
-7.32858e-06
-8.58493e-06
-9.0776e-06
-1.0062e-05
-1.06804e-05
-1.12485e-05
-1.1404e-05
-1.16285e-05
-1.22068e-05
-1.18865e-05
-1.21081e-05
-1.14162e-05
-1.06739e-05
-1.00918e-05
-9.27132e-06
-8.00565e-06
-6.7167e-06
-6.18678e-06
-4.62774e-06
-2.98023e-06
-1.4361e-06
5.26197e-07
2.0843e-06
3.91249e-06
5.60749e-06
7.43661e-06
9.60194e-06
1.03666e-05
1.19833e-05
1.37584e-05
1.46907e-05
1.61501e-05
1.71047e-05
1.82483e-05
1.89003e-05
1.98288e-05
2.00402e-05
2.03131e-05
2.07052e-05
2.0517e-05
2.07964e-05
2.07936e-05
2.07946e-05
2.09045e-05
2.08234e-05
1.99778e-05
1.94637e-05
1.92756e-05
1.88947e-05
1.78181e-05
1.72295e-05
1.64984e-05
1.48388e-05
1.34874e-05
1.22935e-05
1.1107e-05
9.82359e-06
8.89879e-06
7.89296e-06
6.9011e-06
5.53671e-06
4.22914e-06
3.24473e-06
2.23331e-06
4.787e-07
-5.52274e-07
-1.12318e-06
-2.37208e-06
-2.69059e-06
-3.47197e-06
-3.7998e-06
-3.9367e-06
-4.41726e-06
-4.41074e-06
-4.56441e-06
-4.95091e-06
-5.15953e-06
-4.78793e-06
-4.66313e-06
-4.57745e-06
-4.58304e-06
-4.35207e-06
-3.92832e-06
-3.56976e-06
-2.62726e-06
-1.99862e-06
-1.3262e-06
-3.90224e-07
-1.1269e-07
