0.00918929
0.00564299
0.00196933
-0.00039628
-0.00134337
8.00779e-05
0.000688251
0.00066277
0.000461274
0.000534639
0.00070213
0.000332631
-0.000505636
-0.00192891
-0.00237882
-0.00164596
-0.000837962
-0.000285524
-0.000920878
-0.00140498
-0.00151447
-0.00124932
-0.000377932
0.000182528
0.000645403
0.00109475
0.000910211
0.000701613
0.000530835
0.00031266
7.01081e-05
-0.000558664
-0.0010268
-0.0010756
-0.000115928
0.00102921
0.00114829
0.000668969
-0.000215353
-0.00094443
-0.000664305
-0.000263973
-0.000229388
-0.000583044
-0.000853567
-0.00056635
0.000413281
0.000963535
0.000438336
-0.000256501
-0.000813788
-0.000763195
-0.000238056
-0.000116865
-7.7378e-05
-0.000120454
-0.000277178
-0.000210934
-0.000329928
-0.000468723
-0.000874559
-0.000905052
-0.000407068
0.000149637
0.000781955
0.000645462
0.000312426
0.000298192
-3.09758e-06
0.000154638
0.000460053
0.000458625
0.000528093
0.000488047
0.000657295
0.000656052
0.000717022
0.000593899
0.000378666
0.000330262
1.25598e-05
-5.97686e-05
-6.8781e-05
2.8153e-05
-8.54647e-05
-0.000254076
-0.00023908
-0.000285903
-0.000612766
-0.000570422
-0.000159658
0.000287288
0.000943677
0.00113803
0.000617472
-0.000280616
-0.000787373
-0.000855698
-0.000479178
-1.85249e-05
0.000222166
0.000499615
0.000468183
0.000151185
-0.000139623
-0.000780545
-0.00123935
-0.00126081
-0.000950636
-0.000484852
-0.000114767
-0.00025683
-0.000616821
-0.000470625
-0.000375335
-1.02362e-05
0.000321178
0.00042884
0.000800473
0.000646609
0.000563729
0.00061321
0.000544373
0.000509004
-6.20773e-05
-3.73023e-05
0.00029336
0.000464334
0.000731312
0.000345725
-0.000338501
-0.000716562
-0.00102605
-0.000938027
-0.000626083
-0.000513661
-0.000643039
-0.000481359
-3.26596e-05
0.000289975
0.000217658
-0.000214876
-0.000455539
-0.000103875
0.00061784
0.00129444
0.00128713
0.000982027
0.000607536
8.71997e-05
0.00023545
0.000255554
1.65943e-05
0.000435662
0.000416416
0.000418667
0.000550157
0.000329965
-0.00012863
-0.000480307
-0.00056787
-0.000523251
-0.000129897
0.000233601
0.000464553
0.000460784
8.55029e-05
-0.000199549
-0.000200192
0.000358895
0.000582683
0.000512256
0.000423633
6.2556e-05
-0.000171447
-0.00029839
-0.000563475
-0.000509035
-0.000376958
-6.62524e-05
0.000290983
0.000331687
5.51194e-05
-0.000358287
-0.000518402
-0.000507786
-0.000442241
-0.000375804
-0.000407912
-0.000403755
-0.000249931
-6.99507e-05
0.000276785
0.000379569
0.00022258
-2.90014e-05
-0.000474756
-0.000622018
-0.000617228
-0.000450842
-0.000116706
-2.65697e-05
-0.000288647
-0.000487373
-0.000367476
-9.66657e-05
-3.19257e-05
-2.0341e-05
-6.91731e-05
0.000118538
0.000355585
0.000152938
0.000162811
7.46585e-05
9.89549e-05
0.000502767
0.000458219
0.000610719
0.000736238
0.000666253
0.00071117
0.000475511
0.000114073
-0.000294172
-0.000256306
-0.000208668
-7.12024e-05
0.000180715
9.06251e-05
7.20387e-05
-2.80635e-05
-0.000257236
-0.00050666
-0.000507905
-0.000404453
-5.56288e-05
0.000363027
0.000103846
-8.45538e-05
-0.000213358
-0.000192162
0.000159893
0.000195075
0.000256431
0.000166991
0.000229713
0.000441244
0.000492051
0.000391453
-3.34671e-05
-0.000462893
-0.000563643
-0.000352633
-0.000148377
-9.83607e-05
-7.45151e-06
-5.28749e-05
-8.3576e-05
-5.14509e-05
-0.00036364
-0.000608027
-0.000673386
-0.000629772
-0.00039802
-8.40323e-05
-2.765e-05
-0.000225697
-0.000427795
-0.000353077
-0.000192842
-0.000102315
0.000200169
9.09064e-05
4.78616e-05
-3.15867e-05
-0.000333514
-0.000293627
-0.000392937
-0.000385229
-2.76668e-05
0.000343525
0.000471372
0.000591923
0.000638504
0.000358749
0.000267336
0.000167653
0.000161813
0.000427134
0.000504606
0.000665108
0.000731354
0.000686697
0.000534714
0.000273991
0.000173565
-0.000116377
-0.000225593
-9.4384e-05
6.66967e-05
