1.6983
1.648
1.54814
1.43491
1.32387
1.2546
1.22401
1.20123
1.16414
1.0938
0.978274
0.828306
0.674382
0.525163
0.3893
0.278285
0.169728
0.0618471
-0.0355751
-0.131052
-0.224972
-0.312507
-0.40548
-0.514606
-0.628018
-0.731901
-0.822184
-0.881207
-0.900629
-0.900185
-0.894751
-0.89804
-0.927778
-0.974285
-1.01544
-1.04132
-1.0342
-0.9895
-0.926256
-0.858271
-0.795275
-0.749839
-0.722289
-0.698469
-0.668185
-0.630294
-0.576482
-0.507341
-0.434459
-0.357467
-0.278739
-0.21028
-0.154164
-0.109543
-0.078486
-0.0517745
-0.0182796
0.0226463
0.0752179
0.14076
0.203097
0.249707
0.278201
0.286131
0.277849
0.270439
0.272355
0.281728
0.302429
0.329485
0.348767
0.359413
0.36103
0.349426
0.331104
0.311754
0.291366
0.275272
0.27078
0.274391
0.286218
0.307462
0.320914
0.316647
0.300866
0.271224
0.235855
0.216379
0.217093
0.234449
0.264725
0.293566
0.304486
0.295502
0.272358
0.242422
0.221009
0.217336
0.223918
0.23633
0.247835
0.244452
0.227246
0.201769
0.166051
0.127728
0.0952516
0.0630688
0.0306599
0.00298108
-0.0244293
-0.0555011
-0.0876608
-0.126816
-0.178115
-0.234898
-0.294591
-0.355229
-0.405006
-0.441634
-0.471134
-0.494671
-0.521613
-0.561769
-0.610461
-0.661024
-0.70981
-0.747039
-0.765574
-0.771278
-0.769912
-0.7631
-0.760132
-0.762373
-0.760903
-0.756052
-0.745483
-0.721349
-0.686577
-0.644115
-0.589799
-0.527867
-0.462897
-0.392825
-0.322941
-0.259041
-0.196133
-0.129922
-0.0591089
0.0225903
0.120353
0.225643
0.33069
0.431688
0.515833
0.584092
0.647685
0.708438
0.773085
0.84726
0.924485
0.993995
1.05196
1.0933
1.11072
1.11676
1.11726
1.10526
1.09152
1.0733
1.04044
1.00258
0.9591
0.905357
0.843288
0.776239
0.700462
0.615082
0.527616
0.437169
0.347604
0.268418
0.193548
0.118171
0.042654
-0.039714
-0.128648
-0.21727
-0.298699
-0.371949
-0.43136
-0.476575
-0.517758
-0.557001
-0.59397
-0.634642
-0.675229
-0.706412
-0.729517
-0.742177
-0.740911
-0.732309
-0.71909
-0.699233
-0.679951
-0.662909
-0.643111
-0.621401
-0.597856
-0.565896
-0.525421
-0.480575
-0.428874
-0.374711
-0.326023
-0.282044
-0.24284
-0.208108
-0.172501
-0.13262
-0.0887931
-0.0411101
0.00932173
0.0554366
0.0944382
0.127834
0.151696
0.168296
0.18439
0.200144
0.215527
0.234192
0.256163
0.276379
0.29273
0.301969
0.298203
0.286121
0.270441
0.253414
0.245079
0.24621
0.252048
0.261224
0.26534
0.256011
0.235476
0.209398
0.182782
0.164201
0.15967
0.163269
0.168401
0.172689
0.170768
0.162334
0.150717
0.136931
0.125091
0.118641
0.116035
0.116608
0.119989
0.124636
0.128098
0.129543
0.126451
0.114262
0.0963406
0.0777911
0.0589335
0.0454998
0.0396545
0.0345987
0.027272
0.0143915
-0.00866449
-0.0391633
-0.0722684
-0.104896
-0.133324
-0.155064
-0.173295
-0.191901
-0.210752
-0.233145
-0.260872
-0.289063
-0.318677
-0.350704
-0.379451
-0.402978
-0.421831
-0.433727
-0.439188
-0.44353
-0.450202
-0.459911
-0.474744
-0.490273
