0.0442095
0.0403282
0.0328615
0.0263129
0.0232482
0.0243902
0.0276777
0.0303821
0.031706
0.0313995
0.0284262
0.0238276
0.0189129
0.0154719
0.0145657
0.0161694
0.0176508
0.0169429
0.0144641
0.0107533
0.00810137
0.00807395
0.00898071
0.00865018
0.00710149
0.00428574
0.00152491
0.000466519
0.000571826
0.00135541
0.0024119
0.00318271
0.00270583
0.000991089
-0.00186362
-0.00500958
-0.00639593
-0.0053603
-0.0028131
-0.000118735
0.00125511
-5.10961e-05
-0.00258264
-0.00517747
-0.00716121
-0.00729675
-0.00571056
-0.00346624
-0.00157137
-0.000820697
-0.00160283
-0.00291257
-0.00422399
-0.0051287
-0.00535791
-0.00477293
-0.00368005
-0.00255407
-0.00157581
-0.00152124
-0.00216043
-0.00270836
-0.0031152
-0.00346882
-0.00354533
-0.00377707
-0.00397791
-0.00356145
-0.00295952
-0.00226986
-0.00189409
-0.00228866
-0.00328571
-0.00431422
-0.0050392
-0.00539282
-0.00535588
-0.00517609
-0.00485504
-0.00429199
-0.00364553
-0.00363006
-0.00422199
-0.00525187
-0.00639532
-0.00693276
-0.0067872
-0.00612749
-0.00510568
-0.00400175
-0.00325255
-0.00301814
-0.00357141
-0.00475068
-0.00599778
-0.00653908
-0.00578197
-0.00404645
-0.00204734
-0.000882148
-0.000973997
-0.00195469
-0.00323967
-0.00416707
-0.00425041
-0.00345345
-0.00206212
-0.000605217
7.83177e-05
-0.000188661
-0.00130661
-0.00255817
-0.00311553
-0.00273415
-0.00169552
-0.000836178
-0.000726106
-0.00129537
-0.00198248
-0.00251757
-0.00255601
-0.00228426
-0.00190286
-0.00163855
-0.00174856
-0.00236052
-0.00343865
-0.00434503
-0.00453064
-0.00363031
-0.00213076
-0.00105483
-0.00128725
-0.00261876
-0.00428819
-0.00530964
-0.00503345
-0.00407922
-0.00286541
-0.00173285
-0.00110379
-0.00122882
-0.00208544
-0.00340869
-0.00435214
-0.00406671
-0.0026811
-0.00100542
-0.000152076
-0.000519708
-0.00178963
-0.00269603
-0.00255995
-0.00176926
-0.000768091
-0.000243486
-0.000387085
-0.000690778
-0.000994356
-0.00158488
-0.00177397
-0.00153637
-0.000911112
-2.17473e-05
0.000332873
-0.000334597
-0.001712
-0.0028456
-0.00333428
-0.00292815
-0.00218133
-0.00194043
-0.00239814
-0.00311272
-0.00419081
-0.00528801
-0.00586134
-0.00631012
-0.00630729
-0.00601103
-0.00614092
-0.00676614
-0.00759457
-0.00868416
-0.00955004
-0.0097447
-0.00959443
-0.00917378
-0.00870378
-0.00848269
-0.00889181
-0.00947572
-0.0100438
-0.010543
-0.0101292
-0.00913842
-0.00819047
-0.00734753
-0.00686737
-0.00698372
-0.0068442
-0.00660059
-0.00635501
-0.00545374
-0.00420211
-0.00300534
-0.0020114
-0.00136953
-0.00125169
-0.000921404
3.98392e-05
0.00134654
0.00284868
0.00429708
0.0049722
0.00502787
0.00529743
0.00559831
0.00634365
0.00768151
0.00894575
0.0100465
0.0108602
0.0109077
0.0105056
0.0103249
0.0103784
0.0108606
0.0117379
0.0124945
0.0127871
0.0127806
0.0124807
0.011746
0.0113013
0.0112776
0.0113233
0.0114762
0.0114397
0.0109269
0.0104361
0.0100381
0.00957559
0.00936924
0.00910526
0.00868334
0.00829296
0.00789531
0.00738231
0.00690671
0.00652917
0.00615682
0.00593425
0.00588454
0.00565396
0.00498852
0.00431014
0.00377181
0.00353325
0.00370746
0.00378436
0.00369683
0.00344212
0.00294097
0.00241762
0.00203095
0.00170248
0.00163503
0.00187193
0.00209815
0.00230178
0.00231063
0.0019781
0.00131498
0.000745476
0.000598955
0.000807923
0.00118283
0.0014272
0.00151087
0.00148536
0.00130746
0.000886884
0.000505398
0.000239423
0.000244632
0.000593595
0.000895349
0.000996793
0.000944967
0.000745392
0.000394028
0.00014599
1.85426e-05
-2.46959e-05
-6.21714e-05
-0.000141303
-0.000249492
-0.000376744
-0.000467591
