1.41367
1.37338
1.29119
1.19701
1.11
1.06059
1.04253
1.03209
1.00832
0.952193
0.858177
0.737687
0.614164
0.498578
0.397014
0.311042
0.223202
0.132927
0.0435775
-0.0445999
-0.124862
-0.194778
-0.263969
-0.343197
-0.4314
-0.52113
-0.605784
-0.670698
-0.705131
-0.716204
-0.713847
-0.713257
-0.73215
-0.767648
-0.808077
-0.842699
-0.852153
-0.833323
-0.795383
-0.745865
-0.698536
-0.663532
-0.640245
-0.622627
-0.603307
-0.575444
-0.535015
-0.485093
-0.430395
-0.374083
-0.319575
-0.266769
-0.217616
-0.174977
-0.139471
-0.108489
-0.0774086
-0.0432432
-0.0020583
0.0455517
0.0947075
0.139556
0.172172
0.191248
0.198413
0.198805
0.201574
0.210589
0.226244
0.245734
0.261365
0.269803
0.269174
0.260977
0.248713
0.233872
0.219543
0.206026
0.195935
0.189775
0.18613
0.187225
0.189915
0.188727
0.182884
0.168961
0.149973
0.132599
0.123306
0.127423
0.140532
0.158657
0.174488
0.180223
0.177531
0.168558
0.158301
0.155715
0.160336
0.171251
0.18591
0.197107
0.200299
0.195597
0.186131
0.173157
0.160147
0.147874
0.134011
0.120131
0.105957
0.0885124
0.0687143
0.0455125
0.0174922
-0.0141723
-0.0492157
-0.0881815
-0.127984
-0.16473
-0.198911
-0.230803
-0.261213
-0.294001
-0.331063
-0.370812
-0.412157
-0.452602
-0.487368
-0.51641
-0.54097
-0.55937
-0.574989
-0.591365
-0.606636
-0.6209
-0.633299
-0.639608
-0.638149
-0.630734
-0.615427
-0.592248
-0.565576
-0.535061
-0.502085
-0.469047
-0.43269
-0.390177
-0.341751
-0.285833
-0.221996
-0.154529
-0.0863503
-0.0173005
0.0488105
0.113322
0.180564
0.249861
0.322764
0.396557
0.468699
0.535879
0.597261
0.654933
0.707021
0.755907
0.803237
0.842647
0.874735
0.899929
0.91373
0.920413
0.923612
0.922275
0.912564
0.89554
0.866818
0.82495
0.777534
0.725745
0.672056
0.620746
0.566079
0.506952
0.443336
0.371225
0.29458
0.218086
0.146212
0.0794558
0.0176989
-0.0416905
-0.103298
-0.167169
-0.230171
-0.289916
-0.342857
-0.386771
-0.422725
-0.453739
-0.481653
-0.508636
-0.534372
-0.554894
-0.570356
-0.578813
-0.57915
-0.574397
-0.567047
-0.555539
-0.54068
-0.523481
-0.501502
-0.476247
-0.449949
-0.422474
-0.395603
-0.367635
-0.337511
-0.304781
-0.267231
-0.228011
-0.189725
-0.155841
-0.12793
-0.103034
-0.0801767
-0.0567892
-0.0295977
0.00175775
0.0327084
0.0602417
0.0840316
0.100611
0.111942
0.12194
0.130162
0.139287
0.149484
0.15839
0.164634
0.167416
0.166584
0.162316
0.158827
0.154985
0.148939
0.143668
0.136453
0.125853
0.11703
0.110387
0.104112
0.100141
0.0980719
0.0937324
0.0869642
0.079706
0.0710879
0.0660517
0.0673728
0.0716134
0.0783034
0.0848406
0.0862796
0.0855033
0.0847097
0.0843982
0.0878522
0.0955039
0.104942
0.111418
0.114597
0.114716
0.110594
0.106735
0.105583
0.105291
0.105829
0.103754
0.0965071
0.0853336
0.0720635
0.0575665
0.042633
0.029175
0.0148146
-0.0016227
-0.0196488
-0.0412493
-0.0647103
-0.0866345
-0.108239
-0.130735
-0.153879
-0.17868
-0.204698
-0.229135
-0.250622
-0.269176
