0.409602
0.400495
0.38153
0.363733
0.350364
0.338762
0.323665
0.303821
0.284536
0.267591
0.247468
0.220529
0.189773
0.161638
0.140934
0.124852
0.105199
0.0785782
0.0487174
0.0205933
-0.0045335
-0.0281403
-0.0506246
-0.0698142
-0.083203
-0.0923281
-0.102567
-0.116952
-0.13303
-0.146467
-0.155185
-0.160053
-0.163692
-0.166772
-0.167383
-0.165826
-0.164563
-0.164223
-0.163647
-0.160405
-0.152615
-0.142396
-0.133262
-0.125734
-0.118806
-0.111966
-0.105006
-0.0987468
-0.0931965
-0.0860556
-0.0761769
-0.0650686
-0.0546931
-0.0463702
-0.0398576
-0.0334919
-0.02686
-0.0212482
-0.0172545
-0.0137933
-0.00960666
-0.00473323
-0.000682513
0.00101451
0.000751017
0.000688163
0.00229258
0.00474503
0.00648829
0.00739916
0.0082601
0.00973239
0.0112095
0.0105021
0.00698408
0.00286372
0.000284346
-0.000237533
0.000491954
0.000614107
-0.000902998
-0.00325458
-0.00627084
-0.0109123
-0.0170487
-0.0239121
-0.0306193
-0.0361133
-0.0412297
-0.0479866
-0.0567008
-0.0664469
-0.0761688
-0.084565
-0.0913826
-0.0975612
-0.103311
-0.108778
-0.114906
-0.122118
-0.130313
-0.13897
-0.146765
-0.152588
-0.156309
-0.158474
-0.159468
-0.159404
-0.158378
-0.156181
-0.15269
-0.147984
-0.141766
-0.133658
-0.124182
-0.114018
-0.102982
-0.0908675
-0.0771909
-0.0612038
-0.043454
-0.024537
-0.00393593
0.0182714
0.0413362
0.0643915
0.0863123
0.106616
0.126187
0.145332
0.16342
0.180665
0.197605
0.214638
0.231991
0.248412
0.262234
0.273253
0.282092
0.28915
0.294208
0.296401
0.294892
0.289778
0.281591
0.270504
0.256869
0.241276
0.224723
0.208428
0.192632
0.176757
0.160188
0.14254
0.123621
0.103515
0.0828811
0.0627967
0.043967
0.0262882
0.00899137
-0.00814592
-0.0245143
-0.0395526
-0.0533127
-0.0663379
-0.0785926
-0.0892758
-0.0973623
-0.10318
-0.108708
-0.115049
-0.12147
-0.126307
-0.128396
-0.128432
-0.127749
-0.126401
-0.123436
-0.118639
-0.11315
-0.10846
-0.104985
-0.10115
-0.0952486
-0.0877503
-0.0804689
-0.074585
-0.069642
-0.0642004
-0.0576211
-0.0507901
-0.0447363
-0.0390795
-0.0327455
-0.0255492
-0.0185055
-0.0130718
-0.00962395
-0.00707691
-0.0042727
-0.00129699
0.00102475
0.00253529
0.00361159
0.00471606
0.00615286
0.00740144
0.00791394
0.00795798
0.00785335
0.00756218
0.00726846
0.00706011
0.00656822
0.00579234
0.00469965
0.00290748
0.00091967
-0.000579057
-0.00185924
-0.00318144
-0.00452107
-0.00614656
-0.00814915
-0.0107168
-0.0148779
-0.020869
-0.0272803
-0.0330263
-0.0379116
-0.0422816
-0.047153
-0.0527997
-0.058265
-0.0631217
-0.0679123
-0.0729536
-0.0780162
-0.0826792
-0.0865743
-0.0901634
-0.0945437
-0.0996976
-0.104432
-0.107784
-0.109492
-0.109632
-0.108526
-0.106606
-0.103927
-0.100771
-0.0975877
-0.0938356
-0.0888078
-0.0825372
-0.0750742
-0.066464
-0.0570553
-0.0467978
-0.0355224
-0.0237629
-0.0114155
0.00251513
0.0179225
0.0338846
0.0493166
0.0632288
0.0761212
0.08921
0.102455
0.11493
0.126303
0.137149
0.148272
0.159721
0.169996
0.177545
0.18282
0.187308
0.19167
0.195032
0.195567
0.192673
0.187412
0.180987
0.173425
0.164134
0.153168
0.141659
0.130843
0.120693
0.109802
0.0970904
0.0830552
0.0692656
0.0566684
0.0451042
0.0338068
0.0220289
