9.96795e-06
4.74788e-06
3.54089e-06
4.40329e-06
3.69456e-06
4.09596e-06
3.70387e-06
3.6899e-06
3.55951e-06
3.47104e-06
3.68711e-06
3.54555e-06
3.4282e-06
3.54182e-06
3.19723e-06
2.83774e-06
2.85637e-06
3.37418e-06
2.99979e-06
2.51643e-06
2.49408e-06
2.72226e-06
2.30595e-06
2.12993e-06
2.20165e-06
2.20351e-06
2.36556e-06
2.03773e-06
2.21282e-06
2.03867e-06
2.12342e-06
2.19513e-06
1.71736e-06
2.07499e-06
1.9921e-06
2.43261e-06
2.16812e-06
1.91107e-06
2.3488e-06
2.08523e-06
2.06847e-06
1.56835e-06
1.96509e-06
2.17929e-06
1.74344e-06
1.69408e-06
1.68476e-06
1.89524e-06
2.24635e-06
2.24356e-06
2.70363e-06
1.90921e-06
1.98651e-06
2.24262e-06
1.75368e-06
1.64751e-06
1.86078e-06
1.78255e-06
2.06474e-06
2.30409e-06
1.99396e-06
2.50619e-06
2.34693e-06
2.45869e-06
2.18488e-06
1.85519e-06
2.06474e-06
2.07312e-06
1.88686e-06
2.38139e-06
2.007e-06
1.68849e-06
1.66148e-06
1.50502e-06
1.65589e-06
1.58511e-06
1.29361e-06
1.42958e-06
1.72108e-06
1.42027e-06
1.30758e-06
9.71369e-07
9.27597e-07
8.50298e-07
8.03731e-07
1.08872e-06
7.54371e-07
9.16421e-07
9.62056e-07
3.31551e-07
6.37956e-07
3.78117e-07
2.51457e-07
4.09782e-07
-1.49012e-08
3.44589e-08
1.35973e-07
4.55417e-07
5.59725e-07
2.17929e-07
9.49949e-08
1.94646e-07
3.22238e-07
5.21541e-07
5.20609e-07
7.5344e-07
6.78003e-07
4.41447e-07
6.48201e-07
3.51109e-07
3.08268e-07
7.45058e-07
5.99772e-07
8.01869e-07
6.71484e-07
4.51691e-07
5.15021e-07
4.76837e-07
6.64033e-07
7.82311e-07
7.34814e-07
6.04428e-07
7.22706e-07
8.19564e-07
3.83705e-07
5.38304e-07
5.48549e-07
3.72529e-07
5.70901e-07
-1.86265e-09
1.66707e-07
2.27243e-07
1.72295e-07
1.96509e-07
-2.19792e-07
-2.24449e-07
-4.65661e-09
8.75443e-08
6.89179e-08
-1.74157e-07
-1.00583e-07
-2.12342e-07
-5.56e-07
-4.35859e-07
-5.43892e-07
-6.18398e-07
-5.83939e-07
-6.64964e-07
-6.91973e-07
-8.00937e-07
-8.39122e-07
-8.00006e-07
-1.22283e-06
-7.8138e-07
-7.70204e-07
-1.12597e-06
-9.13627e-07
-1.39419e-06
-1.63633e-06
-1.39046e-06
-1.54786e-06
-1.20047e-06
-1.37649e-06
-1.97813e-06
-1.48918e-06
-1.35973e-06
-1.35414e-06
-1.61584e-06
-1.48639e-06
-1.37743e-06
-1.69035e-06
-1.35507e-06
-1.43889e-06
-1.3262e-06
-1.29826e-06
-1.02166e-06
-1.03191e-06
-1.20047e-06
-1.25542e-06
-1.51712e-06
-1.43051e-06
-9.82545e-07
-7.63685e-07
-9.5088e-07
-9.88133e-07
-8.12113e-07
-8.77306e-07
-7.45058e-07
-9.25735e-07
-6.42613e-07
-5.85802e-07
-1.00117e-06
-9.89996e-07
-8.9407e-07
-1.05612e-06
-1.17347e-06
-1.00955e-06
-1.24704e-06
-1.24425e-06
-1.01514e-06
-1.20979e-06
-1.34856e-06
-1.19396e-06
-1.32248e-06
-1.2964e-06
-1.53389e-06
-1.39698e-06
-1.56183e-06
-1.58232e-06
-1.37743e-06
-1.68569e-06
-1.52085e-06
-1.99582e-06
-2.09454e-06
-1.69128e-06
-1.73133e-06
-1.65217e-06
-1.52364e-06
-1.36998e-06
-1.35973e-06
-1.5879e-06
-1.66055e-06
-1.62702e-06
-1.50222e-06
-1.25356e-06
-1.18092e-06
-1.57114e-06
-1.49105e-06
-1.24704e-06
-1.63633e-06
-1.41189e-06
-1.26846e-06
-1.31968e-06
-1.14553e-06
-1.0049e-06
-8.6613e-07
-1.17626e-06
-1.14646e-06
-9.6485e-07
-1.17254e-06
-9.52743e-07
-9.54606e-07
-7.85105e-07
-5.56931e-07
-6.15604e-07
-9.18284e-07
-4.79631e-07
-7.28294e-07
-7.65547e-07
-4.33065e-07
-8.21427e-07
-6.21192e-07
-3.6601e-07
-5.11296e-07
-3.65078e-07
-3.67872e-07
-3.59491e-07
-2.468e-07
-3.28757e-07
-1.56462e-07
-3.25032e-07
-4.70318e-07
-8.57748e-07
-5.89527e-07
-6.29574e-07
-9.42498e-07
-9.77889e-07
-3.88362e-07
-4.49829e-07
-8.91276e-07
-6.64033e-07
-5.97909e-07
-5.67175e-07
-7.00355e-07
-6.70552e-07
-6.81728e-07
-8.40984e-07
-8.8755e-07
-7.19912e-07
-1.04774e-06
-8.31671e-07
-5.15953e-07
-9.30391e-07
-9.4343e-07
-4.87082e-07
-6.66827e-07
-6.36093e-07
-2.36556e-07
-3.3807e-07
-5.83008e-07
-5.27129e-07
-3.70666e-07
-2.06754e-07
-6.70552e-08
1.86265e-07
5.40167e-08
1.03377e-07
1.02445e-08
-1.11759e-07
1.43424e-07
