0.186756
0.119886
0.0337248
0.0163593
0.00508967
-0.0196645
-0.00282349
0.0477106
0.0847128
0.0912673
0.058144
0.0146672
-0.00456055
-0.00661854
-0.0104286
0.00368802
0.0379181
0.0549898
0.0382584
0.0100424
-0.00514304
-0.00546122
-0.00289608
-0.00288828
0.0108299
0.032347
0.0298001
0.00479579
-0.0114236
-0.0141182
-0.0157354
-0.0130686
-0.00756672
0.00176028
0.00958565
-0.000274192
-0.0200035
-0.0229295
-0.0158059
-0.0230013
-0.0280898
-0.0172229
-0.0110871
-0.0163817
-0.0201793
-0.0181294
-0.0080534
0.0037967
0.00322646
-0.00436732
-0.00507629
-0.00941176
-0.0165982
-0.018206
-0.0163929
-0.0086246
0.0028206
8.17096e-05
-0.0141187
-0.0130887
-0.00995368
-0.0197551
-0.0196633
3.63961e-06
0.00590229
-0.00544461
-0.00849482
-0.00996212
-0.018977
-0.0225079
-0.0156068
-0.00339011
0.0157939
0.0223939
0.00515128
-0.0091393
-0.0119136
-0.0231327
-0.0305465
-0.0107199
0.0136582
0.0227699
0.0249798
0.0182943
-0.00559192
-0.0289186
-0.0346546
-0.0282441
-0.00758882
0.0140699
0.019784
0.0183052
0.0136355
-0.00696782
-0.0282204
-0.0259708
-0.0105471
0.00165942
0.00987006
0.0163258
0.0149906
0.000657901
-0.0196292
-0.0276414
-0.0179001
-0.00604171
-0.000856652
0.00637787
0.0105002
0.00270405
-0.0112446
-0.0211921
-0.0202292
-0.00846052
0.000892852
-0.000332946
0.0019811
0.00695254
-0.00158845
-0.014513
-0.0146708
-0.00806909
-0.00360506
0.000558213
0.00615407
0.00982248
0.00635959
-0.00573324
-0.01755
-0.0177573
-0.0140912
-0.0137114
-0.00694505
0.00606311
0.00825371
0.0018134
-0.00193078
-0.0119997
-0.019932
-0.0135027
-0.00724673
-0.00633574
0.00283917
0.00881707
-0.00104067
-0.0073358
-0.00695752
-0.00993357
-0.011634
-0.00676978
-0.00255037
-0.00271468
-0.00423486
-0.00438857
-0.000182855
0.00424019
0.00159179
-0.00447932
-0.00522333
-0.00247562
-0.00272298
-0.00557184
-0.00397716
0.00497747
0.0117002
0.00581438
-0.00288909
-9.97838e-05
0.00459463
0.000192426
-0.000771947
0.0108267
0.0197795
0.0142285
0.00616662
0.00408031
0.00222907
-0.000361554
-0.000560654
0.00235245
0.00989931
0.0175582
0.0156813
0.00751288
0.00240568
0.000247403
-0.00162208
-0.00120805
0.00539096
0.0138718
0.0137136
0.00653926
0.00393808
0.00499184
0.000656491
-0.00332313
0.00174315
0.00946727
0.0106424
0.00631874
0.00321048
0.00467645
0.00689485
0.00454379
0.00170008
0.00629843
0.0116317
0.0072157
0.001172
0.00288662
0.00511144
0.00153061
-0.00144985
0.0011051
0.00559516
0.00806774
0.00659535
0.00251519
0.00107167
0.00248048
0.0009878
-0.00265382
-0.00191061
0.00225313
0.0052865
0.00536021
0.00217013
-0.000109788
1.77352e-05
-0.00251521
-0.00516782
-0.000935283
0.00321085
0.000869693
-0.000760171
0.000338661
-0.000489467
-0.00290444
-0.00409839
-0.00343041
-0.00244364
-0.00276542
-0.0039367
-0.00456539
-0.00450342
-0.00427094
-0.00438657
-0.00481854
-0.00504352
-0.00505426
-0.0052072
-0.00572134
-0.00632094
-0.00646726
-0.00619635
-0.00602823
-0.00615899
-0.00627097
-0.00638394
-0.00682644
-0.00737196
-0.00746323
-0.00707483
-0.00680004
-0.00648801
-0.00585042
-0.00548557
-0.00564784
-0.00600073
-0.00622167
-0.00622781
-0.00584411
-0.00516485
-0.0045842
-0.0041296
-0.00379741
-0.0035547
-0.00346683
-0.0034333
-0.0032707
-0.00290149
-0.00235459
-0.001979
-0.00169766
-0.00135917
-0.00100837
-0.00060337
-7.01677e-05
0.000493792
0.000900467
0.00122537
0.00148479
0.0015921
0.00155694
0.00136282
0.00141138
0.0021657
0.00329793
0.0042898
0.00493652
