2.27347
2.20849
2.05883
1.85987
1.62244
1.37922
1.14251
0.908697
0.684944
0.478594
0.284175
0.104119
-0.0601864
-0.214429
-0.356069
-0.504748
-0.672124
-0.83836
-0.985139
-1.09034
-1.13793
-1.13099
-1.0816
-0.999868
-0.891721
-0.769442
-0.645261
-0.523011
-0.402266
-0.287835
-0.189149
-0.109967
-0.0501476
-0.00139211
0.0496656
0.109551
0.176663
0.240274
0.292024
0.33011
0.347078
0.336305
0.302846
0.252221
0.186799
0.11401
0.0359774
-0.0473545
-0.125988
-0.19005
-0.234538
-0.261515
-0.281204
-0.299563
-0.315341
-0.330654
-0.347272
-0.359138
-0.362491
-0.355342
-0.333595
-0.299937
-0.260185
-0.216145
-0.163934
-0.101982
-0.0386683
0.0186112
0.0650663
0.0971682
0.119641
0.138805
0.15433
0.1685
0.187731
0.209947
0.231643
0.246768
0.247025
0.237124
0.220682
0.194076
0.156747
0.107053
0.0440494
-0.022185
-0.0821402
-0.137375
-0.183804
-0.219492
-0.247693
-0.268711
-0.291074
-0.319559
-0.349312
-0.37485
-0.389502
-0.388968
-0.376622
-0.352284
-0.306857
-0.240841
-0.159726
-0.0662995
0.0316753
0.12827
0.218708
0.293867
0.347664
0.380886
0.399072
0.411238
0.421545
0.425802
0.422316
0.413598
0.398171
0.370766
0.325834
0.259032
0.16975
0.0619866
-0.0609635
-0.19769
-0.341243
-0.478435
-0.595648
-0.684586
-0.743333
-0.772876
-0.773992
-0.748973
-0.703957
-0.645566
-0.583239
-0.519942
-0.447404
-0.363881
-0.270157
-0.162965
-0.0408534
0.0986225
0.258196
0.430758
0.603347
0.770399
0.921686
1.04797
1.14504
1.19713
1.20045
1.16679
1.10262
1.01602
0.917223
0.80933
0.694882
0.583094
0.475442
0.366051
0.255606
0.144608
0.0358222
-0.0673508
-0.166899
-0.263191
-0.354803
-0.433345
-0.491656
-0.529979
-0.547236
-0.54569
-0.527914
-0.496631
-0.457214
-0.415649
-0.375171
-0.332885
-0.286259
-0.23509
-0.183606
-0.135241
-0.0883544
-0.0450462
-0.00492828
0.0336777
0.0674202
0.0962789
0.121226
0.137423
0.140355
0.130675
0.110757
0.0866921
0.0640896
0.0417246
0.0198487
-0.00123042
-0.0239388
-0.0482669
-0.0739113
-0.101325
-0.128412
-0.151621
-0.171531
-0.189743
-0.206921
-0.221453
-0.228438
-0.227357
-0.217405
-0.199956
-0.180296
-0.158705
-0.138206
-0.122172
-0.108673
-0.0953339
-0.0797309
-0.0581037
-0.0324502
-0.00806902
0.0192362
0.0499609
0.081129
0.114409
0.144524
0.165786
0.177744
0.17877
0.167394
0.146121
0.117122
0.0855088
0.0577695
0.0301263
0.00187979
-0.0265655
-0.0581989
-0.0888877
-0.117241
-0.146654
-0.178267
-0.209691
-0.238972
-0.263426
-0.279973
-0.287026
-0.278197
-0.253018
-0.215188
-0.165402
-0.112099
-0.0615945
-0.0118646
0.0365444
0.0804392
0.118368
0.151041
0.178918
0.203547
0.227223
0.249642
0.270372
0.289318
0.306825
0.317807
0.313504
0.292382
0.254122
0.199523
0.134353
0.062854
-0.0129095
-0.0891148
-0.159472
-0.219997
-0.269404
-0.307301
-0.332189
-0.343209
-0.344224
-0.337866
-0.328026
-0.318754
-0.306625
-0.287409
-0.258094
-0.217046
-0.164608
-0.100539
-0.0249355
0.0581923
0.142975
0.228542
0.310443
0.383707
0.448141
0.496648
0.524886
