0.328325
0.313548
0.291687
0.277344
0.262351
0.24565
0.227597
0.212196
0.198247
0.182764
0.166459
0.145048
0.120126
0.0965664
0.0747782
0.0514252
0.0221326
-0.00638044
-0.0260463
-0.0415104
-0.0549191
-0.0620162
-0.0684142
-0.0782205
-0.0864624
-0.0971028
-0.114104
-0.129708
-0.136874
-0.137374
-0.139157
-0.142582
-0.141239
-0.136262
-0.132431
-0.131126
-0.129718
-0.127706
-0.128306
-0.128848
-0.128492
-0.130558
-0.128679
-0.119522
-0.110286
-0.103652
-0.0983472
-0.0941846
-0.0913745
-0.0902418
-0.0883461
-0.0844965
-0.0801062
-0.0744231
-0.0664538
-0.0580255
-0.0516052
-0.0442763
-0.0328319
-0.0235492
-0.0190313
-0.0129442
-0.00630179
-0.00197717
0.00373551
0.0120724
0.0215478
0.0311137
0.0401394
0.048496
0.0539968
0.0568515
0.0610849
0.0669694
0.0708267
0.0725407
0.0770648
0.0830934
0.0849865
0.0867234
0.0918352
0.0951644
0.096215
0.0970386
0.0950899
0.0906628
0.0865077
0.0833465
0.0806947
0.0776842
0.0750272
0.0727722
0.0683622
0.0611995
0.0536551
0.0466196
0.0376571
0.0273559
0.0201981
0.0124511
-0.000221738
-0.0108143
-0.0182152
-0.02745
-0.036193
-0.0436306
-0.0514223
-0.0602211
-0.0700542
-0.0779262
-0.0847986
-0.0926178
-0.0988618
-0.102934
-0.105641
-0.109148
-0.112959
-0.114157
-0.115553
-0.116499
-0.114156
-0.113189
-0.11406
-0.11219
-0.108426
-0.105593
-0.103051
-0.0984557
-0.091173
-0.0835511
-0.0766909
-0.0683418
-0.0589305
-0.0502799
-0.0413516
-0.0317532
-0.0230973
-0.0158733
-0.00694437
0.004794
0.0157553
0.0268692
0.0398385
0.0521782
0.064145
0.0750492
0.083612
0.0915501
0.0991684
0.106892
0.114038
0.118712
0.122986
0.12854
0.133923
0.137072
0.138868
0.140567
0.138935
0.133674
0.127446
0.118528
0.107175
0.0978265
0.090151
0.0817885
0.0739121
0.0664887
0.0584967
0.0492097
0.0385156
0.028474
0.0185312
0.00799422
-0.00166118
-0.00950588
-0.0156311
-0.021499
-0.0248071
-0.0255138
-0.0283828
-0.0312872
-0.0327753
-0.0353554
-0.0383491
-0.0405688
-0.041741
-0.0423312
-0.0416412
-0.0396009
-0.0373883
-0.0353954
-0.0338375
-0.0319892
-0.030927
-0.0319937
-0.0334539
-0.0338214
-0.0336681
-0.0342758
-0.0335687
-0.0316535
-0.0306981
-0.0287102
-0.0273949
-0.0283066
-0.0293642
-0.0302006
-0.0300999
-0.0303732
-0.0313639
-0.0308019
-0.0288992
-0.0258441
-0.0236098
-0.0230191
-0.0221923
-0.0218989
-0.0219489
-0.0223478
-0.0245075
-0.0257753
-0.0241735
-0.0220781
-0.0207328
-0.0192052
-0.0172366
-0.0149081
-0.0126254
-0.0116506
-0.0111621
-0.0101163
-0.00849643
-0.00574289
-0.0025579
0.000499057
0.00441055
0.00964389
0.0149877
0.0182875
0.0201473
0.0219829
0.023444
0.0253676
0.0274652
0.0292155
0.0320033
0.0353862
0.0384421
0.0405813
0.0413448
0.0418307
0.0414907
0.039466
0.0360226
0.0320056
0.0283403
0.0245574
0.021783
0.0201999
0.0176485
0.0149382
0.0118577
0.00690378
0.00063239
-0.00555806
-0.0101566
-0.0141236
-0.0180729
-0.0210632
-0.023626
-0.0253794
-0.0265823
-0.0277519
-0.0281449
-0.0281713
-0.0279921
-0.0280511
-0.0292244
-0.0309654
-0.0310713
-0.0285285
-0.0252269
-0.0214636
-0.016615
-0.0120135
-0.00910965
-0.00838414
-0.00806723
-0.00651457
-0.00363388
0.000200066
0.00359395
0.0061496
0.0078731
0.00916027
0.0109357
0.012514
0.0137589
0.0149565
