0.221742
0.218121
0.210369
0.201375
0.192593
0.185686
0.180781
0.176152
0.170315
0.162155
0.151552
0.139187
0.125641
0.111572
0.0976521
0.0841133
0.0709151
0.0582469
0.0466318
0.0359688
0.0254317
0.0152727
0.00522985
-0.00635025
-0.0194813
-0.0329532
-0.0461666
-0.05785
-0.0669465
-0.0736606
-0.0787961
-0.0837909
-0.0901324
-0.0980113
-0.106786
-0.11545
-0.122814
-0.128063
-0.13137
-0.133599
-0.135021
-0.13583
-0.13684
-0.13793
-0.138354
-0.138375
-0.138141
-0.137347
-0.136057
-0.133778
-0.129921
-0.124642
-0.117954
-0.1103
-0.10284
-0.0961328
-0.0901352
-0.084464
-0.078281
-0.0706688
-0.0611221
-0.0502094
-0.0389468
-0.0279194
-0.0177966
-0.00894603
-0.000806593
0.00729798
0.0157495
0.0247392
0.0338917
0.0428202
0.0513933
0.0591288
0.06592
0.0721949
0.0779118
0.0827851
0.0867346
0.0896688
0.0915604
0.0928032
0.0941808
0.0959365
0.097482
0.0982754
0.0978216
0.0957449
0.0923396
0.0883254
0.0844476
0.081138
0.0780641
0.0746772
0.0706767
0.0656007
0.0594729
0.0529223
0.046313
0.0397202
0.0330883
0.0261519
0.0187321
0.010694
0.00230308
-0.00578914
-0.0134369
-0.0206902
-0.0277499
-0.0352728
-0.0434802
-0.0521406
-0.0607725
-0.0686382
-0.0752149
-0.0804316
-0.0846885
-0.0887966
-0.0934173
-0.0986203
-0.104037
-0.108988
-0.112756
-0.114985
-0.115789
-0.115718
-0.115428
-0.115115
-0.114729
-0.113996
-0.112465
-0.110142
-0.107346
-0.10424
-0.100783
-0.0967325
-0.0918604
-0.0858952
-0.0787103
-0.0708353
-0.0630089
-0.0557444
-0.0491555
-0.0428693
-0.0361614
-0.0283955
-0.0191468
-0.00861438
0.00238123
0.0131083
0.0230722
0.0319192
0.0400333
0.0481393
0.056555
0.0653335
0.0743192
0.0832689
0.0919132
0.100037
0.107817
0.115366
0.122455
0.128611
0.133418
0.136897
0.13927
0.141022
0.142739
0.144821
0.147051
0.148716
0.149121
0.147565
0.143496
0.137491
0.130606
0.123605
0.116983
0.110925
0.105079
0.0986985
0.0912039
0.0825202
0.0729751
0.0630231
0.0529158
0.0430206
0.0335103
0.024273
0.01535
0.00697681
-0.00083046
-0.00834783
-0.0157442
-0.0231802
-0.0309016
-0.0389165
-0.0466998
-0.0538554
-0.0601963
-0.0656023
-0.0699869
-0.0736109
-0.0769616
-0.0804596
-0.0842319
-0.0879975
-0.0913922
-0.0940621
-0.0956832
-0.0963476
-0.0963844
-0.095921
-0.095045
-0.0939136
-0.092517
-0.0906976
-0.0884837
-0.0860421
-0.0833599
-0.0802228
-0.076424
-0.0718776
-0.0666661
-0.0609447
-0.0550455
-0.0492952
-0.0438193
-0.0384846
-0.0330299
-0.0272257
-0.0209625
-0.0142987
-0.00750778
-0.000921699
0.00525576
0.010985
0.0163823
0.0215833
0.0269174
0.0322803
0.0373236
0.0419129
0.0459088
0.0494085
0.052625
0.0555109
0.0580833
0.0603218
0.0619684
0.0629056
0.063274
0.0632116
0.0628616
0.0623471
0.0615686
0.0603587
0.0585647
0.0561771
0.0533892
0.0502966
0.0471315
0.0441125
0.0410403
0.0377712
0.0340882
0.029867
0.0252808
0.0205046
0.015733
0.0112276
0.00690028
0.0024694
-0.00222984
-0.00724701
-0.0124497
-0.0176937
-0.0227896
-0.0277332
-0.0325973
-0.0373694
-0.0420142
-0.0466174
-0.0510851
-0.0552395
-0.0590381
-0.062365
-0.0652203
-0.0678867
-0.0704389
-0.0728537
-0.0751139
-0.0769405
-0.0781254
-0.078641
-0.0784671
-0.077803
-0.0768788
-0.075767
