1.32824
1.2947
1.21127
1.09404
0.956745
0.813026
0.670652
0.542182
0.43218
0.342788
0.263936
0.182012
0.0944599
-0.000309683
-0.0998597
-0.204598
-0.310696
-0.408676
-0.48706
-0.534398
-0.548728
-0.532043
-0.490972
-0.43209
-0.364163
-0.298612
-0.243012
-0.202964
-0.176425
-0.158188
-0.143506
-0.12764
-0.107016
-0.0794914
-0.0457212
-0.00836459
0.0273201
0.0567026
0.0747738
0.0785334
0.0675398
0.0419801
0.00640517
-0.0343715
-0.0742837
-0.109965
-0.139291
-0.159752
-0.174365
-0.185081
-0.195986
-0.210428
-0.227859
-0.24797
-0.268922
-0.28964
-0.306581
-0.3165
-0.317728
-0.309068
-0.292841
-0.27049
-0.243496
-0.214452
-0.186541
-0.162346
-0.141254
-0.120477
-0.0964508
-0.0674327
-0.0326595
0.00821909
0.0544789
0.103626
0.151359
0.193344
0.227378
0.254388
0.274834
0.288347
0.295001
0.296759
0.29616
0.293734
0.289445
0.282013
0.270977
0.25651
0.237529
0.212756
0.181542
0.146591
0.111076
0.0774188
0.0468115
0.018948
-0.00458638
-0.0239363
-0.0409686
-0.0581886
-0.077638
-0.0985069
-0.120403
-0.142235
-0.164689
-0.188533
-0.211517
-0.232839
-0.251761
-0.269686
-0.286739
-0.300801
-0.311473
-0.317311
-0.319188
-0.317002
-0.309199
-0.295073
-0.274129
-0.249407
-0.222357
-0.194342
-0.16676
-0.139648
-0.114429
-0.0900846
-0.0658216
-0.0407885
-0.0142721
0.0121461
0.0378113
0.0609168
0.0790278
0.0893
0.0895978
0.0783248
0.0537548
0.0177652
-0.02692
-0.0762218
-0.124207
-0.165302
-0.195617
-0.213875
-0.219282
-0.21315
-0.199223
-0.180885
-0.160769
-0.139816
-0.116556
-0.0880564
-0.0522239
-0.00690577
0.0506414
0.123348
0.210034
0.306421
0.407776
0.505325
0.592719
0.664334
0.714422
0.739657
0.740049
0.722981
0.693959
0.65784
0.618461
0.576163
0.5334
0.489875
0.444466
0.393056
0.332988
0.266171
0.194059
0.119929
0.0447465
-0.0286653
-0.0959521
-0.152435
-0.194604
-0.224933
-0.24492
-0.257228
-0.264037
-0.26699
-0.269218
-0.271163
-0.272792
-0.271245
-0.265052
-0.254215
-0.237991
-0.217425
-0.192689
-0.165988
-0.139295
-0.113511
-0.089389
-0.0682569
-0.0523583
-0.0415873
-0.034945
-0.0300182
-0.0251445
-0.0214097
-0.0194703
-0.0192728
-0.0201009
-0.0232475
-0.0305017
-0.0427931
-0.0588068
-0.0748169
-0.0891617
-0.101853
-0.113765
-0.123751
-0.130426
-0.133894
-0.134992
-0.13664
-0.139511
-0.142469
-0.144595
-0.146187
-0.148131
-0.147841
-0.142173
-0.128738
-0.107536
-0.0810863
-0.0517106
-0.0215124
0.00841399
0.0361716
0.0592985
0.0772644
0.0925213
0.107659
0.122678
0.136829
0.149151
0.159482
0.168613
0.176217
0.180738
0.180638
0.175889
0.168109
0.157818
0.144268
0.128522
0.113043
0.100399
0.0916136
0.0853604
0.0800389
0.0740008
0.0667584
0.057468
0.0447932
0.0290621
0.0106495
-0.00837668
-0.0274368
-0.0477419
-0.0688913
-0.091087
-0.113703
-0.136677
-0.160144
-0.183488
-0.206269
-0.227034
-0.245707
-0.261058
-0.272091
-0.278279
-0.277889
-0.271961
-0.261621
-0.247948
-0.231053
-0.211042
-0.188726
-0.163358
-0.135883
-0.10536
-0.0718246
-0.03683
-0.000806066
0.0331382
0.0635732
0.0892814
0.108097
0.118734
0.120612
