0.280697
0.273109
0.262518
0.254859
0.242416
0.227509
0.214984
0.204573
0.194528
0.183149
0.170289
0.156135
0.14017
0.121125
0.100606
0.0815856
0.0621855
0.0427545
0.0283269
0.0165712
0.00389767
-0.00532768
-0.0130281
-0.0250746
-0.0381497
-0.0496896
-0.0620046
-0.074678
-0.0850706
-0.0914718
-0.0944102
-0.0966773
-0.0989805
-0.0998271
-0.100035
-0.102882
-0.107349
-0.110321
-0.114011
-0.118719
-0.120706
-0.12067
-0.12044
-0.118671
-0.115759
-0.113871
-0.113433
-0.113871
-0.115616
-0.118096
-0.119802
-0.120192
-0.118329
-0.115028
-0.111598
-0.10623
-0.099518
-0.0947485
-0.0909175
-0.0859424
-0.0808552
-0.0761887
-0.0706483
-0.0637956
-0.0551206
-0.044075
-0.0325165
-0.0213956
-0.00959632
0.00181832
0.0113234
0.0202488
0.0287933
0.0367157
0.0460092
0.0558068
0.0645626
0.0741627
0.0839073
0.0912993
0.0969643
0.101821
0.105044
0.106199
0.106386
0.1062
0.106384
0.107286
0.106899
0.105753
0.105608
0.103755
0.0986275
0.0925618
0.0859087
0.0777787
0.0692513
0.0609405
0.052884
0.0453851
0.0376929
0.0296195
0.0217902
0.0135564
0.00396095
-0.00624345
-0.0158059
-0.0252143
-0.0339117
-0.0408389
-0.0470221
-0.0519951
-0.0551206
-0.0584904
-0.0629949
-0.0675068
-0.0714285
-0.0754368
-0.0798803
-0.0836725
-0.0859313
-0.0867851
-0.0872221
-0.0875977
-0.0870431
-0.086527
-0.087347
-0.0885003
-0.0899782
-0.0925799
-0.0949566
-0.0960823
-0.0966784
-0.096478
-0.0946503
-0.0922757
-0.0909191
-0.090071
-0.0891185
-0.0888522
-0.0893021
-0.0896784
-0.0887845
-0.0860511
-0.0827569
-0.0787213
-0.0722257
-0.0646245
-0.0579323
-0.0513775
-0.044542
-0.0386372
-0.0333392
-0.0267567
-0.0190145
-0.0104741
0.000527428
0.0135038
0.0263132
0.038968
0.0514273
0.0631769
0.0737125
0.082609
0.0913916
0.100924
0.109463
0.117416
0.127293
0.138036
0.14613
0.152342
0.159121
0.16316
0.161983
0.159188
0.15635
0.152208
0.14763
0.143949
0.141008
0.138063
0.134237
0.129243
0.123274
0.11565
0.106614
0.0979802
0.0898275
0.0812001
0.0730993
0.0670625
0.0613681
0.0548437
0.0494691
0.0442783
0.0370077
0.0287989
0.0208999
0.0132855
0.00561644
-0.00169469
-0.00716519
-0.010932
-0.0147823
-0.0190293
-0.0231065
-0.0274283
-0.0328814
-0.0387784
-0.0439867
-0.0493581
-0.0547984
-0.0589442
-0.0624013
-0.0656963
-0.0684762
-0.0710067
-0.0735326
-0.0765348
-0.079975
-0.0831479
-0.0862807
-0.0893948
-0.0913361
-0.0918456
-0.0916881
-0.0911763
-0.0900838
-0.0882414
-0.0864832
-0.0851272
-0.0832352
-0.0808408
-0.0779287
-0.074415
-0.0704381
-0.0653117
-0.0595804
-0.0539009
-0.0475212
-0.0410886
-0.0350694
-0.0289714
-0.0229968
-0.0172907
-0.0115053
-0.00547031
0.000728111
0.0067441
0.0126845
0.0185114
0.0237863
0.0283404
0.0321603
0.0355996
0.0388143
0.0412642
0.0433698
0.0459428
0.04825
0.0499052
0.0516313
0.053311
0.0541673
0.0542366
0.0539368
0.0532048
0.0519224
0.0503471
0.0486086
0.0469507
0.0450513
0.0426144
0.0402383
0.037802
0.0346835
0.0314242
0.0284197
0.0250408
0.0213977
0.0182285
0.0152036
0.0119816
0.00894009
0.00619127
0.00344795
0.000351168
-0.00297023
-0.00625002
-0.0095387
-0.0130158
-0.0167761
-0.0201762
-0.0231657
-0.0264481
-0.0295718
-0.0322848
-0.0353644
-0.0385596
