2.39125
2.31738
2.15425
1.94794
1.7099
1.47818
1.26554
1.06361
0.870232
0.67519
0.457238
0.219214
-0.0341031
-0.302095
-0.555793
-0.79074
-1.01152
-1.19084
-1.31021
-1.36439
-1.34935
-1.28777
-1.21974
-1.1545
-1.09058
-1.03621
-0.984285
-0.914755
-0.809388
-0.662579
-0.485005
-0.299911
-0.121382
0.0393342
0.169291
0.277926
0.368632
0.431223
0.470052
0.497533
0.517717
0.530477
0.540176
0.544469
0.540875
0.526674
0.490047
0.424815
0.335013
0.232358
0.129693
0.0362389
-0.0431258
-0.106949
-0.155606
-0.197669
-0.239048
-0.276374
-0.312747
-0.352568
-0.387113
-0.410373
-0.426769
-0.434307
-0.427676
-0.406189
-0.372121
-0.329446
-0.28133
-0.231989
-0.187553
-0.153506
-0.126474
-0.100889
-0.0753571
-0.0429886
-0.000741918
0.0501178
0.108172
0.166657
0.219208
0.259238
0.284876
0.299023
0.302984
0.303177
0.304265
0.305384
0.308505
0.315438
0.322981
0.323123
0.311471
0.289106
0.256599
0.213937
0.160818
0.10471
0.0530701
0.0057965
-0.033952
-0.0666066
-0.100237
-0.139449
-0.183089
-0.230889
-0.282708
-0.334569
-0.383217
-0.421623
-0.442641
-0.450446
-0.448408
-0.436432
-0.418377
-0.393638
-0.362538
-0.332919
-0.300503
-0.257364
-0.209028
-0.152395
-0.081407
-0.00684699
0.0652344
0.138064
0.204832
0.259614
0.303324
0.334934
0.361311
0.386902
0.403755
0.410257
0.406786
0.388431
0.353562
0.303224
0.237593
0.159586
0.0758312
-0.0111627
-0.100614
-0.190331
-0.280993
-0.373805
-0.465057
-0.549486
-0.629524
-0.706895
-0.774575
-0.823719
-0.849605
-0.852502
-0.831959
-0.785168
-0.715012
-0.63334
-0.544089
-0.444922
-0.341525
-0.230162
-0.0996777
0.0510439
0.215819
0.386463
0.553742
0.709237
0.848451
0.961078
1.04276
1.10073
1.13517
1.14982
1.14823
1.12847
1.09645
1.05862
1.00898
0.941584
0.861132
0.758181
0.62573
0.480627
0.33394
0.191288
0.0624775
-0.0471074
-0.135714
-0.208524
-0.278349
-0.348494
-0.413304
-0.473453
-0.526051
-0.562827
-0.583381
-0.588685
-0.576323
-0.549246
-0.5112
-0.462415
-0.40955
-0.358686
-0.309911
-0.265485
-0.22436
-0.186025
-0.146805
-0.0994441
-0.0468939
0.00359789
0.0480065
0.0850794
0.111054
0.12312
0.126777
0.12626
0.123122
0.118248
0.112261
0.108262
0.102871
0.0921362
0.0797217
0.0648859
0.0452335
0.0224206
-0.00341983
-0.0308514
-0.0546673
-0.0712631
-0.0823487
-0.0892817
-0.092388
-0.0950318
-0.0999732
-0.107414
-0.115089
-0.121718
-0.128027
-0.130392
-0.124569
-0.113544
-0.101568
-0.0859727
-0.0657082
-0.0456342
-0.0270458
-0.0117563
-0.00266922
0.00362158
0.011048
0.0218948
0.0395597
0.062355
0.0854234
0.108987
0.129334
0.139812
0.143309
0.142314
0.136078
0.132326
0.132601
0.129562
0.128401
0.130254
0.128677
0.126024
0.119532
0.102635
0.0765422
0.0447997
0.0100253
-0.0215586
-0.0472923
-0.0699238
-0.0836665
-0.0917893
-0.106718
-0.12635
-0.149799
-0.18045
-0.211048
-0.235011
-0.253169
-0.261461
-0.257442
-0.245528
-0.224144
-0.197142
-0.174097
-0.154227
-0.137187
-0.125189
-0.111597
-0.0923399
-0.0691682
-0.0347385
