1.48872e-05
8.27014e-06
7.1153e-06
8.40053e-06
7.31554e-06
7.7216e-06
6.76885e-06
6.81542e-06
6.27618e-06
6.18305e-06
5.76209e-06
5.39143e-06
5.38584e-06
5.36442e-06
4.66034e-06
4.48059e-06
4.26825e-06
3.57069e-06
4.02052e-06
3.892e-06
2.72878e-06
2.26591e-06
2.25939e-06
1.95112e-06
1.91666e-06
1.25915e-06
1.21538e-06
9.68575e-07
4.79631e-07
8.96864e-07
3.82774e-07
3.80911e-07
8.58679e-07
5.41098e-07
7.34814e-07
5.94184e-07
4.99189e-07
1.74157e-07
5.24335e-07
6.67758e-07
2.34693e-07
6.28643e-07
6.44475e-07
1.19209e-06
1.02166e-06
6.24917e-07
1.34576e-06
1.55903e-06
1.03936e-06
1.35321e-06
1.84495e-06
1.58977e-06
1.60001e-06
1.92504e-06
2.19047e-06
2.59466e-06
2.68221e-06
2.91318e-06
2.53133e-06
2.78372e-06
3.46731e-06
2.54344e-06
3.13576e-06
3.24659e-06
3.06591e-06
3.20654e-06
2.67848e-06
2.92808e-06
3.34624e-06
3.0091e-06
2.44658e-06
2.64775e-06
2.73902e-06
2.8247e-06
2.44938e-06
2.60025e-06
2.53879e-06
2.3935e-06
2.15787e-06
1.73412e-06
1.90921e-06
1.67079e-06
1.668e-06
1.23773e-06
1.03842e-06
1.04308e-06
1.13528e-06
8.95932e-07
8.12113e-07
1.03563e-06
8.4471e-07
1.2489e-06
1.06916e-06
9.33185e-07
8.51229e-07
8.48435e-07
9.33185e-07
7.96281e-07
1.50874e-06
7.18981e-07
9.1549e-07
1.60094e-06
1.03749e-06
1.10175e-06
7.46921e-07
1.27591e-06
1.11945e-06
1.56369e-06
1.46031e-06
1.53203e-06
1.74344e-06
1.24145e-06
1.61491e-06
1.70711e-06
1.90455e-06
1.39512e-06
1.98185e-06
1.58418e-06
1.21724e-06
2.04705e-06
1.78535e-06
1.48918e-06
9.69507e-07
9.14559e-07
1.31596e-06
1.54786e-06
1.32062e-06
1.19209e-06
9.11765e-07
9.1549e-07
7.85105e-07
1.15484e-06
1.43796e-06
7.98143e-07
8.71718e-07
8.00937e-07
8.68924e-07
5.54137e-07
-1.14553e-07
5.64381e-07
7.94418e-07
8.47504e-08
-9.31323e-08
1.86265e-08
1.22935e-07
1.41561e-07
-5.44824e-07
-7.79517e-07
-2.78465e-07
-3.75323e-07
-3.11062e-07
-4.4331e-07
-6.6869e-07
-8.2422e-07
-1.13714e-06
-7.38539e-07
-1.07195e-06
-9.35048e-07
-8.63336e-07
-1.02166e-06
-8.29808e-07
-1.51154e-06
-1.06171e-06
-3.85568e-07
-9.00589e-07
-4.77768e-07
-6.17467e-07
-8.97795e-07
-4.61936e-07
-2.75671e-07
-4.28408e-07
-1.9744e-07
-2.56114e-07
-3.00817e-07
1.1269e-07
2.64496e-07
1.77883e-07
-1.86265e-09
3.90224e-07
3.60422e-07
4.84288e-08
4.70318e-07
8.29808e-07
8.5216e-07
8.53091e-07
6.99423e-07
8.801e-07
1.08592e-06
7.07805e-07
1.47894e-06
1.03284e-06
1.23121e-06
1.30385e-06
5.20609e-07
1.15111e-06
1.12318e-06
1.26753e-06
7.46921e-07
1.17347e-06
1.12876e-06
5.67175e-07
7.86968e-07
5.13159e-07
4.80562e-07
6.17467e-07
4.96395e-07
3.1665e-08
5.40167e-08
1.84402e-07
7.54371e-08
-2.24449e-07
-2.59839e-07
-7.34814e-07
-1.2964e-06
-9.24803e-07
-1.37836e-06
-1.93901e-06
-1.30571e-06
-1.74809e-06
-2.40933e-06
-2.10851e-06
-2.07685e-06
-2.49594e-06
-2.63657e-06
-2.56486e-06
-2.81539e-06
-2.61236e-06
-2.89362e-06
-2.83215e-06
-3.05567e-06
-2.95788e-06
-3.07988e-06
-2.95788e-06
-2.25566e-06
-2.75392e-06
-3.06778e-06
-2.81073e-06
-2.5453e-06
-2.5183e-06
-2.48384e-06
-1.8971e-06
-1.84495e-06
-1.94181e-06
-1.83657e-06
-1.64937e-06
-1.23959e-06
-9.77889e-07
-1.41002e-06
-1.46404e-06
-1.08965e-06
-1.03284e-06
-8.39122e-07
-7.06874e-07
-6.52857e-07
-8.6613e-07
-5.40167e-07
-1.24797e-07
-6.27711e-07
-4.71249e-07
-1.72295e-07
-2.96161e-07
-4.93601e-07
-4.74043e-07
-7.24569e-07
-2.2538e-07
-4.08851e-07
-7.71135e-07
-4.25614e-07
-1.04867e-06
-6.98492e-07
-8.92207e-07
-1.00303e-06
-1.03563e-06
-1.34576e-06
-1.12411e-06
-1.41561e-06
-1.36998e-06
-1.53482e-06
-2.1141e-06
-2.01166e-06
-1.73971e-06
-2.25194e-06
-2.16905e-06
-2.05636e-06
-2.08803e-06
-2.21003e-06
-2.55462e-06
-2.54903e-06
-2.16719e-06
-2.12528e-06
-2.35066e-06
-2.685e-06
-2.49594e-06
-2.43075e-06
-2.40747e-06
-2.56021e-06
-2.46149e-06
-2.26405e-06
-2.63192e-06
-2.09175e-06
