0.763143
0.740717
0.692785
0.637764
0.587515
0.558254
0.54889
0.545375
0.536241
0.510301
0.460633
0.393811
0.322535
0.254946
0.19755
0.15149
0.10676
0.0606808
0.0131875
-0.0360383
-0.0826322
-0.122331
-0.159151
-0.199581
-0.243003
-0.28827
-0.334149
-0.372697
-0.39625
-0.405247
-0.401264
-0.39321
-0.393394
-0.404174
-0.423371
-0.444788
-0.455014
-0.448187
-0.425765
-0.390803
-0.35309
-0.322915
-0.303933
-0.293563
-0.287379
-0.277367
-0.256337
-0.22482
-0.187087
-0.148278
-0.114172
-0.0862077
-0.0632115
-0.0448349
-0.0284244
-0.0110745
0.0066732
0.0240538
0.0429537
0.061536
0.0792795
0.0972136
0.112133
0.121772
0.125778
0.122621
0.11454
0.107098
0.103028
0.10455
0.110425
0.115849
0.116446
0.11018
0.0960781
0.0767471
0.0571618
0.0426363
0.0356468
0.0353364
0.0395866
0.0429567
0.0413701
0.0340123
0.0221441
0.00886931
-0.000510835
-0.00487231
-0.00445921
0.00191817
0.0101947
0.0176956
0.025571
0.0309955
0.0339888
0.0383012
0.041319
0.0439455
0.0482284
0.0537622
0.0617583
0.0729121
0.0850702
0.0955315
0.10305
0.105302
0.102027
0.0960192
0.0896751
0.0850649
0.084824
0.0874611
0.0893419
0.0873086
0.0796836
0.0661588
0.0485751
0.0303607
0.0128282
-0.00246868
-0.0150434
-0.0273519
-0.0407918
-0.0556434
-0.0737025
-0.0937514
-0.114114
-0.135892
-0.157598
-0.177609
-0.196848
-0.213777
-0.226645
-0.237216
-0.246906
-0.257172
-0.269486
-0.283651
-0.297045
-0.307631
-0.313308
-0.311478
-0.303828
-0.293639
-0.282804
-0.274487
-0.269126
-0.262367
-0.252106
-0.236957
-0.214755
-0.186837
-0.157627
-0.128031
-0.0994274
-0.0728215
-0.0452652
-0.0156816
0.015887
0.0492721
0.0833302
0.116178
0.148877
0.182535
0.21645
0.250347
0.283637
0.312292
0.334942
0.352753
0.365917
0.377551
0.391912
0.40982
0.426488
0.439594
0.444598
0.437566
0.42271
0.403957
0.383464
0.366241
0.35202
0.33699
0.319532
0.295855
0.264547
0.22876
0.192681
0.157422
0.125565
0.0968189
0.0678184
0.0375471
0.006442
-0.025224
-0.0560268
-0.0836258
-0.107998
-0.130704
-0.152436
-0.173309
-0.194012
-0.212536
-0.226519
-0.234934
-0.238646
-0.23953
-0.240944
-0.244078
-0.247794
-0.251174
-0.250859
-0.24426
-0.231959
-0.215495
-0.197652
-0.182133
-0.170603
-0.161791
-0.152973
-0.142185
-0.127057
-0.107519
-0.0866616
-0.0671248
-0.0507216
-0.0380058
-0.0273113
-0.0168286
-0.00563797
0.00730091
0.0206531
0.0321382
0.0408225
0.046286
0.049648
0.0525993
0.0568306
0.0624463
0.0676065
0.0708827
0.0704452
0.0659025
0.0596175
0.0536565
0.0498376
0.0479827
0.0477603
0.0477225
0.0453415
0.0407236
0.0332383
0.0253895
0.0205439
0.0184354
0.0193262
0.0214298
0.0208936
0.0178819
0.0130019
0.0076224
0.00470331
0.00506418
0.00838773
0.0132691
0.0171389
0.0178021
0.0158388
0.0124467
0.0100979
0.01181
0.0174386
0.0246066
0.0312272
0.0346719
0.0336835
0.0302035
0.02605
0.024106
0.0258942
0.030078
0.0346561
0.0373528
0.0356306
0.0298544
0.0223004
0.0159279
0.0123761
0.0112097
0.0111407
0.00952148
0.00504304
-0.00217746
-0.011482
-0.0206701
-0.0274717
-0.031748
-0.0343093
-0.0374106
