0.155665
0.151073
0.142256
0.132242
0.122264
0.115038
0.110854
0.107825
0.104672
0.0992216
0.0904455
0.0793598
0.0674434
0.0557705
0.0454594
0.0364981
0.027845
0.0192011
0.0103589
0.00158397
-0.00587611
-0.0112689
-0.0151918
-0.0193396
-0.0240199
-0.0290429
-0.0352912
-0.0417073
-0.0463885
-0.0488089
-0.0481916
-0.0453938
-0.0423253
-0.0399837
-0.0393221
-0.0406238
-0.041887
-0.0419697
-0.0405477
-0.0367381
-0.0316504
-0.0269005
-0.0224204
-0.0189081
-0.0170782
-0.0159316
-0.0147434
-0.0127337
-0.0101225
-0.00767562
-0.00557712
-0.00369959
-0.00237866
-0.00162105
-0.00100228
-0.000460004
-0.000545865
-0.00138417
-0.00231239
-0.0033013
-0.00421391
-0.00450724
-0.00440735
-0.00444293
-0.00437064
-0.00489049
-0.00664033
-0.00890364
-0.0107794
-0.0116564
-0.0114999
-0.0109106
-0.010031
-0.00919472
-0.00942895
-0.0105729
-0.011771
-0.0127557
-0.0132598
-0.0131134
-0.0124945
-0.0116739
-0.0111601
-0.010956
-0.0107162
-0.0104274
-0.00962105
-0.00856813
-0.00800407
-0.00768784
-0.00754465
-0.00733807
-0.00627336
-0.00450404
-0.00171959
0.00204909
0.00510008
0.00698631
0.00805451
0.00808655
0.00789593
0.00884186
0.0113605
0.0153516
0.0199562
0.0238166
0.0262504
0.0270077
0.026464
0.0257037
0.0255839
0.0265476
0.0287281
0.0312347
0.0331371
0.0339156
0.0333261
0.0319261
0.0299788
0.0277032
0.0259852
0.0241848
0.0216523
0.0189812
0.0161689
0.0131788
0.0102453
0.00708632
0.00331995
-0.000928845
-0.00630706
-0.012811
-0.0194158
-0.0257442
-0.0308425
-0.0342499
-0.0367902
-0.0383847
-0.0393407
-0.0410878
-0.0436101
-0.0465833
-0.0494421
-0.0516982
-0.0528802
-0.0525992
-0.0509289
-0.0483008
-0.045301
-0.0426493
-0.0402212
-0.0378212
-0.0357902
-0.0336012
-0.0308157
-0.0276254
-0.0240329
-0.0197764
-0.0156737
-0.0117466
-0.00740174
-0.00337771
4.48879e-05
0.00335582
0.00624908
0.00873468
0.011072
0.0131259
0.0152172
0.0174452
0.0195208
0.0213255
0.023043
0.0242808
0.0247162
0.0245666
0.0240976
0.0232517
0.0223625
0.0218236
0.0213224
0.0208854
0.0206693
0.0200836
0.0188721
0.017245
0.0150923
0.0127543
0.0106493
0.00887895
0.00760037
0.00684828
0.00604575
0.0050669
0.00397353
0.00254784
0.000869811
-0.000684751
-0.00196208
-0.00286274
-0.00346306
-0.00400606
-0.00464559
-0.00530732
-0.00587246
-0.00630478
-0.00644662
-0.00633869
-0.00609898
-0.00593463
-0.00599298
-0.00637227
-0.00691856
-0.00737196
-0.00774524
-0.00779022
-0.00723859
-0.00650939
-0.00580333
-0.00515397
-0.00485376
-0.00460505
-0.00442144
-0.00435929
-0.00414814
-0.00390985
-0.00365908
-0.00328336
-0.00298047
-0.00268222
-0.00225465
-0.00179449
-0.00138493
-0.00106781
-0.000944445
-0.0010477
-0.00132353
-0.00185062
-0.00241472
-0.00278278
-0.00306741
-0.00318837
-0.00321508
-0.00330833
-0.00351713
-0.00386606
-0.0043155
-0.00485287
-0.00544832
-0.00596115
-0.00639075
-0.00680163
-0.00707961
-0.00727736
-0.00749238
-0.00758592
-0.00770497
-0.00790727
-0.00811013
-0.00844164
-0.00882383
-0.00901578
-0.00910959
-0.00914254
-0.00897115
-0.00867248
-0.00844828
-0.00827943
-0.00812172
-0.00802445
-0.00790575
-0.0076445
-0.00720375
-0.00659264
-0.00588995
-0.00512196
-0.00439741
-0.00372873
-0.00301372
-0.00220339
-0.0012999
-0.000326224
0.000669852
0.00174802
0.00278214
0.0037411
0.00477403
0.00590208
0.00708027
0.00826555
0.00941696
0.0104023
0.0111304
0.0117166
0.012338
0.0130456
0.0138257
0.0147203
0.0155605
0.0161642
