9.36817e-06
3.1814e-06
2.10013e-06
3.20189e-06
2.52016e-06
2.77255e-06
2.71853e-06
2.72132e-06
2.38884e-06
2.36463e-06
2.19606e-06
2.36649e-06
2.0396e-06
1.85706e-06
1.86823e-06
2.04798e-06
2.45962e-06
2.55182e-06
2.10945e-06
1.37556e-06
2.04518e-06
2.12435e-06
2.12248e-06
1.9921e-06
1.86823e-06
1.55251e-06
1.6652e-06
1.64751e-06
1.52458e-06
1.51712e-06
1.13994e-06
1.11852e-06
1.29268e-06
1.86078e-06
1.56835e-06
1.43703e-06
1.57487e-06
1.43237e-06
1.61678e-06
1.45007e-06
1.43889e-06
1.50781e-06
1.26846e-06
1.05146e-06
1.59908e-06
1.00676e-06
8.99658e-07
1.30478e-06
7.7486e-07
1.00676e-06
1.33924e-06
7.86036e-07
1.02073e-06
7.13393e-07
5.23403e-07
1.01235e-06
6.25849e-07
9.36911e-07
8.81962e-07
7.18981e-07
9.02452e-07
3.75323e-07
6.87316e-07
1.2638e-06
6.0536e-07
4.4331e-07
6.10948e-07
4.47966e-07
4.59142e-07
7.65547e-07
8.40053e-07
5.3551e-07
4.51691e-07
5.57862e-07
6.17467e-07
2.93367e-07
1.11759e-07
3.14787e-07
5.76489e-07
7.46921e-07
-1.89058e-07
3.62284e-07
1.43424e-07
-1.77883e-07
-3.20375e-07
6.61239e-08
1.36904e-07
2.79397e-08
1.22935e-07
-3.75323e-07
5.21541e-08
1.90921e-07
-2.54251e-07
-4.85219e-07
-1.74157e-07
-3.1665e-07
-5.09433e-07
-7.26432e-08
-4.67524e-07
6.33299e-08
-4.45172e-07
-1.33179e-07
6.0536e-08
-1.22935e-07
3.44589e-08
1.33179e-07
-2.03028e-07
-4.05125e-07
1.56462e-07
8.19564e-08
-4.33996e-07
-1.58325e-07
-2.32831e-08
-1.62981e-07
2.80328e-07
2.66358e-07
-1.92784e-07
-4.25614e-07
-2.95229e-07
8.10251e-08
-6.34231e-07
-3.66941e-07
-4.37722e-08
-3.12924e-07
-8.10251e-08
5.7742e-08
-1.11759e-08
-3.28757e-07
-1.14553e-07
1.8999e-07
-2.32831e-08
-3.1665e-08
1.03377e-07
-2.01166e-07
-1.31316e-07
1.36904e-07
2.01166e-07
-5.21541e-08
-2.86847e-07
8.47504e-08
1.18278e-07
5.09433e-07
1.25729e-07
-3.53903e-08
-4.56348e-08
4.93601e-08
-2.02097e-07
-1.71363e-07
3.06405e-07
4.02331e-07
1.19209e-07
5.16884e-07
4.87082e-07
9.87202e-08
1.15484e-07
1.2666e-07
1.95578e-08
7.8883e-07
2.26311e-07
-1.91852e-07
2.91504e-07
1.49943e-07
-1.42492e-07
1.55531e-07
2.07685e-07
2.32831e-07
2.08616e-07
-2.73809e-07
-1.80677e-07
4.16301e-07
-1.56462e-07
-1.49012e-08
3.61353e-07
-2.42144e-08
1.22003e-07
-1.6205e-07
-1.46218e-07
2.6077e-07
-2.30037e-07
-4.93601e-07
1.58325e-08
-1.1269e-07
-1.81608e-07
-2.18861e-07
-5.68107e-08
-4.35859e-07
-1.37836e-07
9.87202e-08
-3.18512e-07
-2.85916e-07
-1.95578e-07
-2.38419e-07
4.84288e-08
1.21072e-08
-4.37722e-07
-3.39933e-07
-3.93949e-07
-4.787e-07
8.3819e-09
-3.29688e-07
-3.12924e-07
8.47504e-08
6.0536e-08
8.19564e-08
3.12924e-07
7.63685e-08
-1.00583e-07
1.37836e-07
-4.37722e-08
1.98372e-07
2.03028e-07
4.56348e-08
7.45058e-09
7.07805e-08
1.43424e-07
3.35276e-08
2.16998e-07
-2.32831e-08
3.49246e-07
-1.79745e-07
1.62981e-07
4.65661e-07
2.3935e-07
1.90921e-07
6.56582e-07
-1.01514e-07
4.61936e-07
4.80562e-07
2.17929e-07
4.79631e-07
1.04308e-07
2.79397e-07
4.20026e-07
3.3807e-07
2.16067e-07
-1.73226e-07
-2.15136e-07
6.89179e-08
4.17233e-07
3.41795e-07
2.91504e-07
4.56348e-08
4.8615e-07
4.38653e-07
4.49829e-07
4.98258e-07
8.75443e-08
6.14673e-08
7.72998e-08
3.55765e-07
4.74975e-07
1.63913e-07
-1.78814e-07
-9.03383e-08
1.64844e-07
2.99886e-07
4.68455e-07
-8.3819e-09
-3.81842e-08
2.78465e-07
4.41447e-07
3.83705e-07
7.00355e-07
2.23517e-07
2.36556e-07
7.68341e-07
7.08736e-07
5.23403e-07
2.65427e-07
2.56114e-07
3.72529e-07
6.65896e-07
3.84636e-07
5.78351e-07
6.56582e-07
3.05474e-07
3.23169e-07
6.14673e-07
6.25849e-07
2.37487e-07
5.24335e-07
9.38773e-07
7.22706e-07
7.255e-07
8.34465e-07
5.11296e-07
5.38304e-07
8.3074e-07
5.3551e-07
8.48435e-07
3.03611e-07
6.11879e-07
9.21078e-07
2.15136e-07
4.53554e-07
6.64033e-07
3.08268e-07
4.56348e-07
4.33996e-07
4.11645e-07
