1.08696
1.05435
0.992376
0.928983
0.866121
0.813382
0.766495
0.715419
0.649869
0.560838
0.453026
0.338987
0.229385
0.126565
0.0346043
-0.0505861
-0.144133
-0.238405
-0.326054
-0.404416
-0.460588
-0.496009
-0.53122
-0.572358
-0.611354
-0.644739
-0.670362
-0.67914
-0.661391
-0.620699
-0.572451
-0.532382
-0.501341
-0.472146
-0.442111
-0.402088
-0.342697
-0.272014
-0.198975
-0.128016
-0.0681222
-0.0202524
0.0247895
0.0704744
0.114515
0.15846
0.199493
0.232453
0.255168
0.269761
0.283142
0.296687
0.303876
0.301353
0.291315
0.27158
0.239319
0.204407
0.175666
0.150598
0.128586
0.103454
0.0692501
0.0280869
-0.0180673
-0.0661435
-0.10835
-0.140293
-0.161263
-0.175195
-0.191635
-0.212539
-0.230979
-0.246053
-0.259229
-0.263619
-0.257388
-0.246146
-0.232467
-0.216029
-0.197452
-0.17484
-0.150657
-0.123296
-0.0892766
-0.0560901
-0.0283518
-0.00325329
0.0235966
0.0571186
0.0963447
0.134222
0.166757
0.193842
0.214441
0.224632
0.22831
0.23377
0.24425
0.257341
0.266777
0.268412
0.260636
0.241071
0.213251
0.186254
0.161058
0.13535
0.109146
0.0827498
0.0544192
0.0226872
-0.0123325
-0.0493224
-0.0827186
-0.111623
-0.141962
-0.173949
-0.203707
-0.227251
-0.241699
-0.251238
-0.257193
-0.259087
-0.26065
-0.264273
-0.265975
-0.262028
-0.252664
-0.235315
-0.208433
-0.17621
-0.143404
-0.113974
-0.087907
-0.0615164
-0.0348148
-0.00641036
0.0250696
0.0581891
0.0925584
0.126783
0.156133
0.178384
0.195934
0.210999
0.22117
0.226089
0.228998
0.229866
0.226842
0.219294
0.208317
0.195076
0.17638
0.151061
0.121834
0.0873527
0.0480035
0.00708031
-0.0325289
-0.0686896
-0.10201
-0.133346
-0.165909
-0.202977
-0.243183
-0.28466
-0.32396
-0.355337
-0.374766
-0.382963
-0.38749
-0.391527
-0.391879
-0.391143
-0.390799
-0.384192
-0.364953
-0.333876
-0.296181
-0.255889
-0.213089
-0.167547
-0.117198
-0.0607077
-6.48107e-05
0.0610088
0.118745
0.173941
0.226033
0.275665
0.328897
0.386686
0.442702
0.495991
0.542017
0.568591
0.574414
0.572706
0.574113
0.579373
0.581322
0.577045
0.566575
0.541548
0.501126
0.452761
0.402758
0.352061
0.301456
0.253257
0.202279
0.146258
0.0901864
0.0344159
-0.0187042
-0.0678535
-0.114388
-0.159196
-0.205157
-0.247022
-0.280861
-0.3084
-0.328559
-0.339757
-0.343342
-0.347498
-0.355057
-0.358763
-0.356653
-0.348391
-0.331238
-0.307006
-0.27814
-0.248216
-0.220821
-0.194948
-0.170065
-0.143848
-0.113242
-0.081492
-0.0511621
-0.0210067
0.00784412
0.0330656
0.0544423
0.0754364
0.0942357
0.106695
0.114813
0.119942
0.122885
0.124241
0.124103
0.124549
0.123809
0.116851
0.103279
0.0858364
0.0662318
0.0473342
0.0310995
0.0161711
0.00355341
-0.00720287
-0.0209213
-0.0394585
-0.0578904
-0.0721005
-0.0834937
-0.0927075
-0.0998025
-0.104315
-0.1054
-0.106624
-0.10631
-0.100981
-0.0938437
-0.0860326
-0.0771456
-0.0680542
-0.0585641
-0.0487416
-0.0373064
-0.0209655
0.000747186
0.0229244
0.0395365
0.0509854
0.0609823
0.0699403
0.0784929
0.0884127
0.101152
0.116761
0.129156
0.133994
0.134264
0.131245
