1.10057
1.02198
0.934663
0.891888
0.801751
0.715207
0.693252
0.688686
0.639886
0.595846
0.552707
0.472618
0.392767
0.324746
0.27248
0.216984
0.144416
0.0557214
-0.0531806
-0.153693
-0.244723
-0.307528
-0.325309
-0.336884
-0.340415
-0.337894
-0.368897
-0.42951
-0.47959
-0.519014
-0.557339
-0.558466
-0.535497
-0.530029
-0.520068
-0.498767
-0.487112
-0.474573
-0.440024
-0.390612
-0.348226
-0.307789
-0.274958
-0.265471
-0.262557
-0.25289
-0.229315
-0.188859
-0.138487
-0.0837192
-0.034922
0.00168172
0.0203975
0.030706
0.0463887
0.0589263
0.0772217
0.10395
0.119878
0.124094
0.124942
0.126272
0.123742
0.12795
0.143506
0.153805
0.158709
0.154548
0.13886
0.112196
0.0832131
0.0662619
0.0530719
0.0470729
0.0442854
0.0382563
0.0307215
0.0118922
-0.00573877
-0.0177702
-0.0309055
-0.0405009
-0.0428397
-0.0458788
-0.0608729
-0.0722819
-0.079568
-0.0889265
-0.0905638
-0.087155
-0.077477
-0.069302
-0.0653117
-0.0588174
-0.05686
-0.0547141
-0.0477646
-0.0371026
-0.0233227
-0.00792202
0.00716323
0.0189556
0.0328343
0.043191
0.0515496
0.0658173
0.0790185
0.0928462
0.106984
0.120933
0.133984
0.14234
0.149382
0.154523
0.156455
0.154411
0.150235
0.14534
0.138075
0.128709
0.118835
0.110511
0.0984554
0.0831032
0.0699787
0.0530231
0.0300996
0.00591455
-0.0218692
-0.0547654
-0.0882785
-0.122627
-0.157129
-0.187042
-0.212447
-0.234771
-0.254828
-0.275674
-0.300197
-0.32518
-0.351743
-0.381265
-0.407563
-0.429136
-0.445035
-0.455642
-0.458371
-0.454839
-0.450162
-0.434907
-0.412037
-0.390524
-0.365522
-0.338463
-0.315781
-0.292201
-0.262708
-0.2357
-0.200328
-0.147439
-0.0922381
-0.0290529
0.0409991
0.104519
0.16508
0.221986
0.275805
0.322568
0.363592
0.405938
0.446332
0.486928
0.526183
0.564015
0.600797
0.642844
0.680745
0.698478
0.718496
0.722612
0.694237
0.67213
0.646732
0.597175
0.55211
0.520364
0.48208
0.442537
0.406421
0.365419
0.318483
0.265648
0.213062
0.157466
0.0947561
0.0345257
-0.0202705
-0.0711712
-0.118468
-0.162462
-0.201075
-0.230016
-0.256337
-0.282665
-0.300558
-0.320234
-0.341115
-0.354933
-0.369746
-0.382762
-0.388191
-0.38705
-0.379369
-0.362465
-0.342588
-0.326869
-0.308662
-0.289389
-0.273181
-0.257475
-0.236987
-0.211817
-0.188364
-0.163083
-0.137895
-0.119363
-0.101593
-0.0804561
-0.059147
-0.0378053
-0.0136726
0.00802503
0.0244263
0.0402568
0.0526884
0.0599212
0.0684441
0.0802832
0.0909635
0.0980029
0.101647
0.102567
0.09997
0.0936406
0.0892553
0.0882734
0.0863782
0.0818875
0.0774826
0.0720428
0.0582028
0.0427368
0.0328112
0.0235742
0.0133194
0.00528886
-0.000609543
-0.0106057
-0.0204166
-0.029223
-0.0372005
-0.0386093
-0.0404498
-0.0415941
-0.0421561
-0.0473247
-0.0547714
-0.063815
-0.0679989
-0.0666675
-0.0626244
-0.0546602
-0.0431652
-0.0331439
-0.030603
-0.0255648
-0.0189015
-0.0154404
-0.00597299
0.00450866
0.0131551
0.0198542
0.02228
0.0245136
0.0289987
0.0377369
0.049736
0.0666353
0.0834796
0.0920739
0.0945584
0.0921736
0.0855094
0.077117
0.0748041
0.0780058
0.078678
0.0803536
0.0785551
0.0685281
