2.69742
2.49301
2.04583
1.53645
1.02481
0.597792
0.308996
0.119746
0.00300331
-0.0276504
-0.0478695
-0.132783
-0.272588
-0.441529
-0.623784
-0.819441
-1.04804
-1.28358
-1.43552
-1.45971
-1.32712
-1.02915
-0.66108
-0.304886
0.0170263
0.253415
0.356196
0.371078
0.361904
0.345985
0.360383
0.428154
0.515889
0.589408
0.644555
0.673884
0.67266
0.642486
0.570582
0.454585
0.290113
0.085623
-0.118811
-0.300215
-0.453432
-0.552861
-0.579331
-0.565476
-0.543763
-0.523928
-0.525982
-0.547581
-0.550547
-0.517192
-0.463125
-0.389422
-0.297605
-0.201452
-0.112823
-0.0451754
0.00477092
0.0498186
0.098814
0.154436
0.206208
0.223977
0.193883
0.137046
0.0572062
-0.0464863
-0.148303
-0.232817
-0.299353
-0.331282
-0.323123
-0.306246
-0.294222
-0.271086
-0.233496
-0.179864
-0.111895
-0.0448838
0.0136609
0.0604978
0.0923562
0.119953
0.149864
0.179904
0.229247
0.306843
0.380536
0.427262
0.444577
0.406522
0.31162
0.205036
0.0984822
-0.0168856
-0.115005
-0.18873
-0.259283
-0.318469
-0.364731
-0.414802
-0.457051
-0.464599
-0.440088
-0.401097
-0.374848
-0.39091
-0.420274
-0.419425
-0.381295
-0.286155
-0.125524
0.0598454
0.251974
0.452568
0.592107
0.62674
0.618212
0.614569
0.620234
0.645222
0.673135
0.641059
0.556339
0.490052
0.452605
0.434345
0.433545
0.433875
0.414308
0.344357
0.205236
0.021244
-0.159644
-0.293608
-0.342472
-0.31086
-0.252651
-0.203017
-0.162253
-0.140578
-0.14622
-0.149408
-0.1408
-0.135724
-0.128807
-0.122442
-0.130043
-0.143961
-0.132044
-0.0775892
0.0143712
0.124635
0.225308
0.286549
0.281905
0.220084
0.13081
0.0406487
-0.028114
-0.0547219
-0.0412973
-0.0142069
0.0171454
0.0432749
0.0495146
0.0416323
0.0367148
0.0332385
0.0133256
-0.0280003
-0.0924137
-0.171088
-0.241518
-0.28034
-0.276988
-0.241536
-0.18212
-0.11314
-0.0619109
-0.0582558
-0.102524
-0.168165
-0.23888
-0.298902
-0.335761
-0.355153
-0.367911
-0.359529
-0.321468
-0.271357
-0.212159
-0.140855
-0.0651795
0.00252609
0.0556198
0.0848153
0.0865017
0.0780378
0.0753952
0.0924369
0.129168
0.170688
0.213257
0.251047
0.266294
0.256015
0.23746
0.208538
0.171748
0.150379
0.138372
0.117019
0.0922799
0.0659131
0.01817
-0.0399429
-0.088292
-0.139133
-0.192231
-0.233446
-0.260215
-0.268338
-0.256173
-0.238654
-0.216838
-0.178632
-0.133198
-0.0920022
-0.0665058
-0.0775374
-0.112413
-0.129264
-0.120658
-0.0921895
-0.0190309
0.099761
0.234183
0.368691
0.470378
0.484457
0.41696
0.323081
0.230504
0.151974
0.0998456
0.0731359
0.0708828
0.0907918
0.120608
0.149868
0.172196
0.181811
0.176069
0.146826
0.0705057
-0.0430133
-0.142531
-0.202035
-0.210761
-0.15888
-0.0661372
0.0276976
0.101444
0.140667
0.125644
0.0703449
0.00778946
-0.0409502
-0.0670229
-0.0680263
-0.0474731
-0.0160195
0.0210495
0.0601936
0.0960827
0.120165
0.123334
0.106353
0.0663884
0.00559241
-0.0559059
-0.0972564
-0.110504
-0.0938654
-0.0491029
0.00522188
0.0492726
0.0696596
0.0597413
0.0256457
-0.0183209
-0.0539003
-0.0734251
-0.0799087
-0.078256
-0.0693514
