0.82429
0.772489
0.716056
0.683551
0.623308
0.573515
0.558078
0.551948
0.51611
0.477916
0.435536
0.370578
0.31042
0.261534
0.225835
0.181645
0.124911
0.0568117
-0.0294043
-0.107543
-0.176513
-0.217857
-0.228758
-0.246211
-0.255906
-0.266678
-0.310111
-0.36609
-0.403659
-0.428947
-0.451991
-0.447219
-0.431464
-0.43503
-0.438291
-0.435088
-0.428919
-0.415081
-0.383277
-0.339354
-0.305907
-0.28075
-0.266615
-0.263614
-0.257056
-0.238725
-0.199887
-0.151074
-0.10314
-0.0589109
-0.0272521
-0.00955045
-0.000663482
0.0166196
0.0414577
0.0636087
0.0931609
0.118355
0.125612
0.124958
0.125447
0.131032
0.140315
0.156439
0.173642
0.179871
0.171718
0.150786
0.128028
0.104013
0.0878785
0.0864405
0.0846267
0.0807203
0.0689835
0.0491401
0.0241737
-0.00292146
-0.0180468
-0.0278215
-0.0361213
-0.0430265
-0.0531848
-0.0704451
-0.0921106
-0.10314
-0.108714
-0.106674
-0.0962259
-0.0906515
-0.0891164
-0.0956822
-0.103996
-0.108335
-0.106913
-0.0933891
-0.0751537
-0.055103
-0.0396241
-0.0294352
-0.0210201
-0.0158116
-0.00396314
0.0114752
0.0268852
0.041905
0.0523595
0.059286
0.0613601
0.0678194
0.0814124
0.0975946
0.113845
0.125438
0.131576
0.125528
0.113506
0.104169
0.0953718
0.0911801
0.0907075
0.0919617
0.0873178
0.0736491
0.0619848
0.0491906
0.0339884
0.0225152
0.0104994
-0.00902991
-0.0350864
-0.0623659
-0.0937167
-0.121808
-0.139547
-0.150184
-0.15388
-0.162129
-0.177007
-0.194998
-0.220555
-0.246915
-0.267583
-0.28004
-0.289879
-0.298242
-0.298409
-0.302246
-0.309206
-0.303232
-0.287374
-0.270749
-0.249545
-0.223974
-0.212335
-0.20845
-0.198032
-0.189782
-0.172273
-0.138503
-0.0964412
-0.0468944
0.000547279
0.0420304
0.0777303
0.1114
0.144591
0.178316
0.221006
0.25395
0.277163
0.306542
0.329381
0.344155
0.367406
0.412549
0.446497
0.466853
0.505457
0.515437
0.48913
0.471132
0.457083
0.431451
0.410527
0.4067
0.392479
0.370936
0.348732
0.31761
0.288434
0.254286
0.22607
0.20065
0.162094
0.120467
0.0724923
0.0259592
-0.0190339
-0.057096
-0.0740098
-0.090796
-0.113043
-0.129614
-0.14797
-0.18456
-0.219208
-0.23427
-0.255443
-0.270559
-0.270566
-0.275358
-0.281643
-0.285988
-0.283942
-0.278166
-0.269658
-0.252376
-0.236177
-0.224495
-0.216479
-0.21037
-0.202873
-0.19338
-0.173929
-0.146617
-0.119725
-0.0965322
-0.074831
-0.055266
-0.0467939
-0.0362155
-0.016923
-0.00256445
0.0114236
0.0283249
0.0410834
0.0463094
0.0510279
0.0597783
0.0672293
0.0764773
0.0855834
0.0911652
0.0915652
0.0828975
0.0743874
0.0658027
0.0560983
0.0532134
0.0528965
0.050001
0.0434064
0.0376256
0.0279378
0.0110295
0.000691277
-0.00425802
-0.0107905
-0.0187521
-0.0230431
-0.0271506
-0.0391742
-0.0460414
-0.0479069
-0.0512603
-0.0489233
-0.0445032
-0.0428468
-0.0441515
-0.0467779
-0.0488335
-0.0489303
-0.0455612
-0.0383862
-0.0278519
-0.0198751
-0.0139698
-0.00730454
-0.0047926
-0.00381975
0.00119075
0.00819832
0.0134421
0.0175345
0.0231226
0.0260339
0.0259408
0.0301722
0.036295
0.0404766
0.0448772
0.0491947
0.0495651
0.0448159
0.0393993
0.0347654
0.0313716
0.0296896
0.0299391
