1.20737e-05
6.85733e-06
5.41005e-06
5.80866e-06
4.78607e-06
4.68548e-06
4.06243e-06
3.61167e-06
3.09292e-06
2.69804e-06
2.32924e-06
2.87406e-06
2.92901e-06
2.31341e-06
2.39443e-06
2.59653e-06
2.74461e-06
2.76417e-06
2.8871e-06
3.00724e-06
3.19164e-06
3.25684e-06
2.82191e-06
3.3211e-06
3.54834e-06
3.2112e-06
3.14973e-06
3.09013e-06
3.17022e-06
3.01655e-06
2.40467e-06
2.224e-06
1.91201e-06
1.41095e-06
1.59629e-06
1.55065e-06
1.23959e-06
8.65199e-07
1.01421e-06
1.43796e-06
1.1744e-06
1.49757e-06
1.60933e-06
1.95764e-06
1.85706e-06
2.13925e-06
1.55997e-06
1.5432e-06
1.52644e-06
1.60467e-06
1.22748e-06
1.08778e-06
7.17118e-07
2.64496e-07
-4.65661e-08
2.16067e-07
8.20495e-07
4.72181e-07
4.88944e-07
7.82311e-07
9.34117e-07
1.00024e-06
8.48435e-07
7.90693e-07
9.60194e-07
6.37956e-07
4.00469e-07
5.59725e-07
2.84985e-07
3.26894e-07
1.53668e-07
1.81608e-07
-3.47383e-07
-4.95464e-07
-3.25963e-08
-9.36911e-07
-4.80562e-07
-7.08736e-07
-1.22469e-06
-9.75095e-07
-1.24145e-06
-1.28336e-06
-1.2666e-06
-1.09244e-06
-1.00397e-06
-3.78117e-07
-2.17929e-07
-3.63216e-07
3.42727e-07
-4.47035e-08
2.09548e-07
1.49012e-08
-7.07805e-08
-6.98492e-08
1.87196e-07
3.47383e-07
1.08033e-07
-2.5332e-07
-2.84985e-07
2.50526e-07
2.92435e-07
1.86265e-07
-7.82311e-08
-1.31316e-07
-1.61119e-07
-1.88127e-07
3.75323e-07
3.241e-07
7.82311e-08
2.37487e-07
2.08616e-07
5.39236e-07
5.94184e-07
2.5332e-07
4.59142e-07
5.22472e-07
7.69272e-07
5.05708e-07
3.7998e-07
7.28294e-07
9.63919e-07
7.97212e-07
6.44475e-07
8.77306e-07
4.19095e-07
1.11759e-07
1.66707e-07
6.37956e-07
5.07571e-07
4.9267e-07
3.68804e-07
6.31437e-07
6.96629e-07
2.42144e-07
4.28408e-07
1.01887e-06
6.49132e-07
4.58211e-07
7.84174e-07
4.3679e-07
3.28757e-07
5.06639e-07
2.76603e-07
6.50063e-07
7.28294e-07
7.54371e-08
5.29923e-07
7.64616e-07
6.75209e-07
5.50412e-07
4.9267e-07
3.06405e-07
9.87202e-08
1.11759e-08
-1.4808e-07
6.42613e-07
6.10016e-07
4.61936e-07
5.31785e-07
9.18284e-07
6.97561e-07
4.97326e-07
7.255e-07
6.50994e-07
5.27129e-07
1.77883e-07
3.58559e-07
4.014e-07
2.02097e-07
-1.43424e-07
4.47035e-07
8.3819e-08
8.00937e-08
5.40167e-08
-5.01983e-07
-4.37722e-07
-3.84636e-07
-4.57279e-07
-5.61588e-07
-5.56931e-07
-4.37722e-07
-1.04122e-06
-1.17254e-06
-9.25735e-07
-1.01142e-06
-5.87665e-07
-7.02217e-07
-4.59142e-07
-5.48549e-07
-1.0645e-06
-8.26083e-07
-5.58794e-07
-1.00024e-06
-1.16508e-06
-9.83477e-07
-8.95932e-07
-8.82894e-07
-9.85339e-07
-1.03563e-06
-1.11945e-06
-1.12318e-06
-1.74809e-06
-1.67917e-06
-1.38581e-06
-1.56462e-06
-1.68104e-06
-1.75927e-06
-1.89152e-06
-1.65962e-06
-1.68756e-06
-2.04239e-06
-1.83564e-06
-1.93715e-06
-1.87382e-06
-1.67824e-06
-1.16322e-06
-1.21165e-06
-1.01421e-06
-1.22003e-06
-1.26846e-06
-1.13808e-06
-1.01421e-06
-7.13393e-07
-7.93487e-07
-1.10455e-06
-1.44169e-06
-1.01607e-06
-9.07108e-07
-9.22941e-07
-6.50063e-07
-1.10362e-06
-1.16415e-06
-9.37842e-07
-1.07381e-06
-1.0794e-06
-9.59262e-07
-1.07195e-06
-1.01235e-06
-9.96515e-07
-1.28057e-06
-1.19489e-06
-1.00397e-06
-1.06357e-06
-9.2946e-07
-8.79169e-07
-1.32527e-06
-1.15857e-06
-8.05594e-07
-1.02073e-06
-8.65199e-07
-1.15018e-06
-9.76026e-07
-9.18284e-07
-1.329e-06
-9.05246e-07
-7.77654e-07
-4.95464e-07
-7.0408e-07
-2.71015e-07
-2.05822e-07
-4.65661e-07
-3.95812e-07
-5.70901e-07
-3.96743e-07
-2.98955e-07
-5.21541e-07
-4.93601e-07
-3.7998e-07
-8.61473e-07
-8.67993e-07
-6.81728e-07
-3.35276e-07
-4.28408e-07
-8.00937e-07
-5.26197e-07
-7.05011e-07
-6.65896e-07
-3.18512e-07
-2.30037e-07
-2.28174e-07
-2.02097e-07
-1.24797e-07
1.30385e-07
3.03611e-07
2.24449e-07
2.72878e-07
5.17815e-07
3.74392e-07
1.17347e-07
8.56817e-08
2.92435e-07
3.06405e-07
1.6205e-07
1.67638e-07
-2.55182e-07
-3.64147e-07
-6.42613e-07
-5.16884e-07
-4.95464e-07
-6.4075e-07
