0.872836
0.19984
-0.647024
-0.541989
0.200844
0.684228
0.203374
-0.521616
-0.448476
0.170256
0.504389
0.171736
-0.390643
-0.369917
0.145081
0.404489
0.123912
-0.332839
-0.303256
0.168399
0.356949
0.0525474
-0.31406
-0.243309
0.188794
0.34116
-0.00159514
-0.327485
-0.177932
0.217607
0.288526
-0.0526941
-0.293511
-0.113474
0.20676
0.224274
-0.0797013
-0.242661
-0.0586707
0.181427
0.159954
-0.0825162
-0.192866
-0.0348126
0.169007
0.124988
-0.0960458
-0.155895
-0.00874826
0.145643
0.0941045
-0.101016
-0.130756
0.0293209
0.122289
0.0437796
-0.0895836
-0.0903942
0.04959
0.097042
3.52496e-05
-0.0867161
-0.0547066
0.0684572
0.0840788
-0.0280883
-0.0924928
-0.0292161
0.0907383
0.0750208
-0.0551454
-0.0971666
-0.00756258
0.106945
0.0640668
-0.0762762
-0.0834794
0.0125288
0.0755098
0.0580233
-0.047837
-0.0884321
0.000874489
0.0635522
0.0599764
-0.0235507
-0.0938011
-0.0083789
0.0641579
0.0404519
-0.006923
-0.0662296
-0.0312732
0.0567327
0.0393082
-0.0127544
-0.0344564
-0.0321807
0.0294637
0.0482614
-0.013407
-0.0389126
-0.0182751
0.0343201
0.0359464
-0.0316094
-0.0380758
0.00617879
0.0354688
0.0302274
-0.0260801
-0.0597215
0.00474473
0.0556515
0.0362078
-0.015055
-0.0831199
-0.0290179
0.0926313
0.0680092
-0.0415349
-0.0896469
-0.0358775
0.0798289
0.0877638
-0.0336519
-0.0891564
-0.0441213
0.0572272
0.10056
-0.0222083
-0.0919421
-0.0315695
0.0450647
0.0865088
-0.0168795
-0.0921649
-0.00415434
0.0528387
0.0346878
-0.0100797
-0.0543157
-0.00840597
0.0474537
0.0208499
-0.0147048
-0.0373204
-0.00910236
0.0431197
0.018083
-0.015001
-0.0284857
-0.0160592
0.0338816
0.0204686
-0.0162864
-0.0135255
-0.00856221
0.0132486
0.0161099
-0.0184718
-0.0142789
0.0188475
0.0277999
-0.0117126
-0.0571887
0.00387496
0.0664939
0.0256389
-0.0410829
-0.0789864
0.00105007
0.106733
0.0443322
-0.0750981
-0.0879599
-0.000680323
0.102156
0.0679529
-0.0570335
-0.095387
-0.0278926
0.077377
0.0882274
-0.0231004
-0.0913089
-0.039097
0.0507223
0.0721154
-0.00447266
-0.0640675
-0.0215803
0.0279778
0.0234497
0.0100732
-0.0151564
-0.0238027
0.00916043
0.0145266
0.000661809
-0.00822846
-0.0111104
0.021706
0.0128466
-0.031457
-0.0166715
0.0162105
0.0329378
0.0151416
-0.0508271
-0.0485818
0.0379981
0.0637389
0.0174051
-0.0589854
-0.0830798
0.0330253
0.105536
0.0201972
-0.0743094
-0.0814744
0.0241874
0.108698
0.0203265
-0.0772533
-0.0586933
0.0204862
0.0854681
0.0217408
-0.0743263
-0.0431274
0.0268973
0.0628291
0.024596
-0.0752866
-0.05293
0.0537694
0.0731021
-0.00254133
-0.0907205
-0.0529918
0.0807076
0.0930338
-0.0285928
-0.113004
-0.0475241
0.102598
0.104674
-0.0484167
-0.12718
-0.0346988
0.115526
0.106285
-0.0665278
-0.137787
-0.0110056
0.126187
0.0920015
-0.0729557
-0.136872
-0.00895308
0.126437
0.0994566
-0.0637411
-0.160803
-0.0276395
0.1513
0.121994
-0.0732174
-0.187017
-0.0340503
0.17942
0.131449
-0.104092
-0.190242
0.00375227
0.17943
0.0848617
-0.113049
-0.145516
0.0248465
0.160946
0.0561459
-0.124608
-0.115133
0.0427869
0.140376
0.0541612
-0.11385
-0.125962
0.0330162
0.147153
0.0723666
-0.10985
-0.14713
0.0258568
0.15452
0.0744106
-0.0976037
-0.149779
